  -0.650000
  -0.648700
  -0.647400
  -0.646100
  -0.644800
  -0.643500
  -0.642200
  -0.640900
  -0.639600
  -0.638300
  -0.637000
  -0.635700
  -0.634400
  -0.633100
  -0.631800
  -0.630500
  -0.629200
  -0.627900
  -0.626600
  -0.625300
  -0.624000
  -0.622700
  -0.621400
  -0.620100
  -0.618800
  -0.617500
  -0.616200
  -0.614900
  -0.613600
  -0.612300
  -0.611000
  -0.609700
  -0.608400
  -0.607100
  -0.605800
  -0.604500
  -0.603200
  -0.601900
  -0.600600
  -0.599300
  -0.598000
  -0.596700
  -0.595400
  -0.594100
  -0.592800
  -0.591500
  -0.590200
  -0.588900
  -0.587600
  -0.586300
  -0.585000
  -0.583700
  -0.582400
  -0.581100   0.474313   0.500146   0.499242   0.500721   0.549454   0.501615   0.500707   0.542730   0.501571   0.500684   0.534626   0.501503
  -0.579800   0.481706   0.500106   0.499206   0.477673   0.500063   0.499085   0.473806   0.500028   0.498989   0.470915   0.500006   0.498927   0.500858   0.552984   0.501923   0.500836   0.545507   0.501863   0.500803   0.536580   0.501770   0.500761   0.528369   0.501653   0.500715   0.521691   0.501522
  -0.578500   0.487835   0.500107   0.499277   0.484304   0.500037   0.499091   0.480055   0.499968   0.498908   0.475309   0.499906   0.498743   0.470668   0.499855   0.498610   0.467141   0.499823   0.498523   0.501036   0.556469   0.502318   0.501005   0.548221   0.502235   0.500957   0.538455   0.502106   0.500897   0.529560   0.501946   0.500831   0.522393   0.501769   0.500763   0.516938   0.501588   0.500698   0.512880   0.501413
  -0.577200   0.490318   0.500079   0.499269   0.487216   0.499987   0.499034   0.483251   0.499889   0.498785   0.478381   0.499791   0.498536   0.472824   0.499701   0.498307   0.467277   0.499627   0.498119   0.462990   0.499578   0.497996   0.501274   0.559850   0.502834   0.501228   0.550826   0.502715   0.501157   0.540215   0.502534   0.501071   0.530632   0.502312   0.500977   0.522981   0.502071   0.500882   0.517212   0.501830   0.500793   0.512960   0.501601   0.500712   0.509844   0.501393
  -0.575900   0.492640   0.500078   0.499326   0.490086   0.499966   0.499054   0.486696   0.499840   0.498745   0.482277   0.499702   0.498410   0.476731   0.499562   0.498067   0.470263   0.499430   0.497744   0.463668   0.499320   0.497474   0.458482   0.499247   0.497294   0.501597   0.563072   0.503521   0.501527   0.553275   0.503347   0.501422   0.541820   0.503087   0.501295   0.531550   0.502774   0.501160   0.523422   0.502442   0.501028   0.517351   0.502117   0.500906   0.512923   0.501817   0.500798   0.509711   0.501551   0.500705   0.507373   0.501322
  -0.574600   0.494693   0.500107   0.499449   0.492699   0.499983   0.499159   0.489990   0.499834   0.498811   0.486323   0.499660   0.498405   0.481439   0.499466   0.497951   0.475171   0.499262   0.497472   0.467690   0.499065   0.497006   0.459895   0.498898   0.496609   0.453657   0.498785   0.496339   0.502046   0.566096   0.504454   0.501938   0.555529   0.504194   0.501778   0.543226   0.503811   0.501589   0.532268   0.503361   0.501393   0.523674   0.502897   0.501207   0.517322   0.502456   0.501039   0.512741   0.502061   0.500895   0.509458   0.501722   0.500774   0.507096   0.501437   0.500676   0.505382   0.501204
  -0.573300   0.496434   0.500164   0.499629   0.494951   0.500038   0.499345   0.492907   0.499879   0.498988   0.490073   0.499681   0.498545   0.486155   0.499442   0.498011   0.480813   0.499167   0.497391   0.473787   0.498866   0.496711   0.465194   0.498567   0.496028   0.456038   0.498304   0.495426   0.448580   0.498123   0.495007   0.502689   0.568906   0.505755   0.502516   0.557557   0.505352   0.502265   0.544384   0.504772   0.501978   0.532731   0.504112   0.501690   0.523683   0.503454   0.501424   0.517079   0.502851   0.501193   0.512382   0.502331   0.501001   0.509062   0.501898   0.500846   0.506706   0.501547   0.500722   0.505017   0.501267   0.500626   0.503792   0.501047
  -0.572000   0.497865   0.500247   0.499850   0.496813   0.500129   0.499596   0.495351   0.499974   0.499262   0.493297   0.499771   0.498828   0.490389   0.499510   0.498270   0.486268   0.499183   0.497569   0.480500   0.498788   0.496717   0.472700   0.498339   0.495740   0.462896   0.497870   0.494711   0.452196   0.497444   0.493769   0.443319   0.497141   0.493092   0.503641   0.571541   0.507623   0.503352   0.559343   0.506974   0.502945   0.545235   0.506066   0.502497   0.532859   0.505073   0.502065   0.523374   0.504126   0.501684   0.516564   0.503298   0.501367   0.511803   0.502613   0.501113   0.508495   0.502066   0.500915   0.506184   0.501639   0.500762   0.504551   0.501309   0.500647   0.503383   0.501056   0.500559   0.502535   0.500864
  -0.570700   0.499011   0.500347   0.500094   0.498303   0.500248   0.499886   0.497315   0.500112   0.499604   0.495917   0.499925   0.499222   0.493910   0.499672   0.498707   0.491000   0.499332   0.498015   0.486760   0.498885   0.497102   0.480638   0.498318   0.495933   0.472078   0.497635   0.494512   0.460960   0.496880   0.492925   0.448474   0.496156   0.491390   0.437899   0.495618   0.490240   0.505114   0.574130   0.510401   0.504603   0.560901   0.509300   0.503914   0.545695   0.507824   0.503191   0.532534   0.506293   0.502534   0.522642   0.504915   0.501986   0.515696   0.503777   0.501552   0.510950   0.502883   0.501221   0.507722   0.502202   0.500972   0.505509   0.501692   0.500788   0.503973   0.501313   0.500652   0.502890   0.501031   0.500554   0.502114   0.500823
  -0.569400   0.499463   0.500383   0.500189   0.498839   0.500277   0.499976   0.497951   0.500126   0.499678   0.496670   0.499910   0.499259   0.494787   0.499604   0.498668   0.491980   0.499172   0.497836   0.487754   0.498572   0.496674   0.481416   0.497759   0.495088   0.472169   0.496705   0.493012   0.459621   0.495449   0.490509   0.444965   0.494150   0.487897   0.432195   0.493123   0.485817   0.507519   0.576982   0.514700   0.506548   0.562276   0.512715   0.505314   0.545624   0.510210   0.504112   0.531567   0.507794   0.503099   0.521330   0.505779   0.502310   0.514373   0.504228   0.501725   0.509762   0.503086   0.501302   0.506709   0.502263   0.500999   0.504664   0.501675   0.500784   0.503272   0.501255   0.500633   0.502308   0.500955   0.500526   0.501627   0.500740   0.500451   0.501138   0.500585
  -0.568100   0.500347   0.500523   0.500481   0.499987   0.500454   0.500344   0.499473   0.500350   0.500143   0.498727   0.500193   0.499849   0.497625   0.499959   0.499418   0.495962   0.499608   0.498780   0.493404   0.499084   0.497832   0.489400   0.498306   0.496420   0.483100   0.497163   0.494335   0.473364   0.495539   0.491344   0.459274   0.493386   0.487340   0.441738   0.490902   0.482687   0.425676   0.488739   0.478618   0.511726   0.580792   0.521671   0.509694   0.563543   0.517809   0.507341   0.544732   0.513357   0.505281   0.529634   0.509491   0.503714   0.519210   0.506577   0.502601   0.512464   0.504528   0.501837   0.508173   0.503129   0.501319   0.505426   0.502183   0.500969   0.503636   0.501542   0.500732   0.502445   0.501105   0.500573   0.501636   0.500806   0.500465   0.501075   0.500599   0.500393   0.500680   0.500456   0.500346   0.500397   0.500357
  -0.566800   0.500832   0.500629   0.500682   0.500575   0.500576   0.500576   0.500199   0.500488   0.500411   0.499637   0.500345   0.500155   0.498782   0.500117   0.499759   0.497453   0.499754   0.499140   0.495330   0.499171   0.498160   0.491852   0.498234   0.496588   0.486040   0.496719   0.494045   0.476315   0.494295   0.489954   0.460737   0.490573   0.483641   0.438962   0.485492   0.475008   0.416756   0.480282   0.466191   0.519774   0.587196   0.533621   0.514933   0.564682   0.525333   0.510137   0.542335   0.517097   0.506569   0.526160   0.510981   0.504213   0.515966   0.506964   0.502724   0.509827   0.504439   0.501792   0.506128   0.502862   0.501207   0.503856   0.501869   0.500837   0.502423   0.501236   0.500602   0.501495   0.500826   0.500452   0.500880   0.500559   0.500358   0.500464   0.500384   0.500299   0.500177   0.500269   0.500264   0.499977   0.500195
  -0.565500   0.501443   0.500790   0.500975   0.501355   0.500787   0.500951   0.501217   0.500766   0.500900   0.501000   0.500718   0.500803   0.500658   0.500623   0.500634   0.500115   0.500450   0.500346   0.499232   0.500144   0.499858   0.497756   0.499606   0.499023   0.495202   0.498648   0.497562   0.490609   0.496912   0.494938   0.482060   0.493689   0.490085   0.465999   0.487643   0.481007   0.437890   0.476835   0.464920   0.400785   0.461713   0.442830   0.537188   0.600529   0.555791   0.523397   0.564714   0.535378   0.513200   0.536657   0.520016   0.507338   0.520183   0.511111   0.504150   0.511242   0.506255   0.502405   0.506369   0.503588   0.501427   0.503626   0.502083   0.500867   0.502022   0.501210   0.500543   0.501051   0.500692   0.500354   0.500444   0.500380   0.500246   0.500057   0.500192   0.500186   0.499805   0.500079   0.500156   0.499640   0.500015   0.500144   0.499532   0.499981
  -0.564200   0.501896   0.500972   0.501261   0.501902   0.501011   0.501298   0.501889   0.501046   0.501326   0.501844   0.501071   0.501334   0.501746   0.501074   0.501309   0.501555   0.501035   0.501222   0.501202   0.500913   0.501019   0.500551   0.500629   0.500600   0.499318   0.500017   0.499749   0.496879   0.498701   0.497990   0.491699   0.495757   0.494154   0.479550   0.488600   0.484983   0.447353   0.468895   0.460151   0.362325   0.412626   0.391521   0.582124   0.634562   0.603326   0.532186   0.556177   0.541554   0.513006   0.523527   0.517043   0.505709   0.510594   0.507559   0.502616   0.504923   0.503477   0.501194   0.502192   0.501560   0.500507   0.500779   0.500605   0.500170   0.500011   0.500114   0.500010   0.499579   0.499862   0.499941   0.499333   0.499738   0.499922   0.499194   0.499686   0.499929   0.499118   0.499674   0.499950   0.499082   0.499684   0.499977   0.499070   0.499708   0.500007   0.499073   0.499739
  -0.562900   0.502353   0.501215   0.501608   0.502452   0.501317   0.501723   0.502562   0.501436   0.501854   0.502687   0.501577   0.502004   0.502828   0.501745   0.502177   0.502989   0.501947   0.502378   0.503175   0.502191   0.502613   0.503388   0.502486   0.502887   0.503631   0.502844   0.503206   0.503904   0.503272   0.503573   0.504193   0.503763   0.503974   0.504451   0.504263   0.504357   0.504488   0.504541   0.504510   0.251945   0.270006   0.260923   0.713443   0.734978   0.724110   0.503977   0.504394   0.504185   0.499270   0.499174   0.499223   0.498466   0.498067   0.498276   0.498426   0.497803   0.498139   0.498584   0.497798   0.498235   0.498787   0.497882   0.498400   0.498984   0.497995   0.498576   0.499162   0.498113   0.498746   0.499317   0.498227   0.498901   0.499451   0.498334   0.499040   0.499567   0.498432   0.499165   0.499666   0.498523   0.499276   0.499752   0.498605   0.499375   0.499826   0.498681   0.499464
  -0.561600   0.502642   0.501378   0.501839   0.502796   0.501528   0.502010   0.502977   0.501716   0.502216   0.503197   0.501953   0.502467   0.503469   0.502260   0.502782   0.503815   0.502668   0.503185   0.504269   0.503229   0.503720   0.504892   0.504036   0.504458   0.505789   0.505257   0.505531   0.507167   0.507234   0.507195   0.509468   0.510729   0.510004   0.513759   0.517655   0.515312   0.523049   0.533701   0.526993   0.546528   0.578166   0.557298   0.116084   0.116452   0.117001   0.876279   0.876807   0.875876   0.427273   0.454237   0.444564   0.470537   0.478847   0.475623   0.485154   0.487889   0.486752   0.491333   0.491954   0.491680   0.494424   0.494106   0.494259   0.496167   0.495387   0.495777   0.497243   0.496218   0.496754   0.497953   0.496793   0.497425   0.498449   0.497213   0.497912   0.498810   0.497532   0.498279   0.499082   0.497783   0.498566   0.499292   0.497986   0.498796   0.499459   0.498154   0.498985   0.499593   0.498296   0.499142   0.499703   0.498418   0.499275
  -0.560300   0.502998   0.501686   0.502209   0.503204   0.501918   0.502455   0.503451   0.502215   0.502755   0.503754   0.502603   0.503130   0.504131   0.503122   0.503608   0.504615   0.503837   0.504230   0.505252   0.504856   0.505065   0.506118   0.506364   0.506224   0.507338   0.508703   0.507893   0.509129   0.512517   0.510399   0.511868   0.519081   0.514327   0.516195   0.530899   0.520695   0.522948   0.552210   0.530909   0.531771   0.584594   0.544630   0.070245   0.070221   0.071662   0.927959   0.927996   0.926613   0.418425   0.467618   0.454805   0.451298   0.477529   0.469934   0.471999   0.484725   0.480608   0.483193   0.489176   0.487033   0.489326   0.491934   0.490912   0.492861   0.493712   0.493352   0.495018   0.494912   0.494962   0.496404   0.495758   0.496072   0.497338   0.496376   0.496868   0.497992   0.496844   0.497459   0.498467   0.497208   0.497911   0.498821   0.497499   0.498265   0.499092   0.497737   0.498549   0.499303   0.497934   0.498780   0.499471   0.498101   0.498972
  -0.559000   0.503315   0.502057   0.502603   0.503558   0.502387   0.502921   0.503846   0.502815   0.503309   0.504196   0.503380   0.503791   0.504626   0.504145   0.504399   0.505164   0.505205   0.505181   0.505851   0.506719   0.506203   0.506745   0.508944   0.507568   0.507926   0.512322   0.509422   0.509507   0.517595   0.511970   0.511618   0.525965   0.515467   0.514348   0.539067   0.520112   0.517544   0.557826   0.525690   0.520453   0.578382   0.530872   0.052593   0.052458   0.054588   0.947045   0.947061   0.945054   0.425863   0.479459   0.468926   0.445914   0.482741   0.474667   0.463983   0.486247   0.480671   0.476475   0.489162   0.485539   0.484399   0.491370   0.489126   0.489365   0.492997   0.491699   0.492534   0.494198   0.493547   0.494616   0.495098   0.494895   0.496029   0.495785   0.495897   0.497016   0.496320   0.496658   0.497727   0.496744   0.497248   0.498251   0.497088   0.497713   0.498648   0.497371   0.498087   0.498952   0.497608   0.498391   0.499191   0.497808   0.498642
  -0.557700   0.503582   0.502489   0.503003   0.503840   0.502930   0.503381   0.504142   0.503502   0.503836   0.504500   0.504259   0.504391   0.504927   0.505281   0.505073   0.505442   0.506685   0.505920   0.506068   0.508658   0.506980   0.506833   0.511488   0.508311   0.507766   0.515618   0.509980   0.508891   0.521701   0.512046   0.510207   0.530586   0.514522   0.511649   0.542984   0.517300   0.513048   0.558325   0.520048   0.514109   0.572714   0.522162   0.043477   0.043241   0.046006   0.956749   0.956747   0.954164   0.433095   0.486138   0.477970   0.446333   0.487334   0.480308   0.460560   0.488887   0.483298   0.472139   0.490460   0.486267   0.480475   0.491871   0.488869   0.486198   0.493059   0.491007   0.490086   0.494033   0.492712   0.492751   0.494822   0.494057   0.494607   0.495462   0.495119   0.495927   0.495985   0.495961   0.496885   0.496415   0.496635   0.497595   0.496774   0.497180   0.498131   0.497075   0.497625   0.498542   0.497331   0.497992   0.498862   0.497552   0.498298
  -0.556400   0.503785   0.502977   0.503387   0.504039   0.503535   0.503804   0.504328   0.504256   0.504296   0.504659   0.505204   0.504878   0.505038   0.506466   0.505567   0.505474   0.508173   0.506384   0.505975   0.510514   0.507349   0.506545   0.513766   0.508480   0.507185   0.518313   0.509783   0.507885   0.524659   0.511242   0.508618   0.533325   0.512802   0.509330   0.544494   0.514347   0.509944   0.557173   0.515698   0.510367   0.568162   0.516637   0.038015   0.037685   0.041038   0.962527   0.962507   0.959392   0.439158   0.490067   0.483703   0.448627   0.490545   0.484742   0.459795   0.491234   0.486221   0.469848   0.492024   0.487893   0.477784   0.492825   0.489559   0.483668   0.493581   0.491098   0.487920   0.494264   0.492456   0.490974   0.494866   0.493621   0.493179   0.495389   0.494606   0.494789   0.495840   0.495433   0.495979   0.496230   0.496125   0.496872   0.496567   0.496706   0.497552   0.496860   0.497193   0.498076   0.497115   0.497604   0.498486   0.497340   0.497953
  -0.555100   0.503921   0.503510   0.503733   0.504152   0.504184   0.504164   0.504406   0.505048   0.504657   0.504685   0.506169   0.505219   0.504989   0.507636   0.505855   0.505320   0.509578   0.506570   0.505677   0.512172   0.507364   0.506055   0.515661   0.508230   0.506448   0.520359   0.509151   0.506843   0.526632   0.510098   0.507221   0.534788   0.511021   0.507558   0.544756   0.511859   0.507828   0.555487   0.512535   0.508003   0.564373   0.512977   0.034442   0.034023   0.037922   0.966300   0.966264   0.962654   0.444335   0.492542   0.487494   0.451482   0.492743   0.487985   0.460393   0.493050   0.488731   0.468956   0.493431   0.489646   0.476168   0.493854   0.490646   0.481844   0.494290   0.491660   0.486165   0.494719   0.492637   0.489410   0.495128   0.493545   0.491841   0.495509   0.494370   0.493669   0.495859   0.495106   0.495054   0.496179   0.495755   0.496113   0.496468   0.496323   0.496930   0.496730   0.496819   0.497567   0.496966   0.497250   0.498068   0.497180   0.497624   0.498466   0.497374   0.497949
  -0.553800   0.503988   0.504072   0.504022   0.504183   0.504856   0.504441   0.504387   0.505847   0.504903   0.504600   0.507111   0.505406   0.504820   0.508735   0.505948   0.505045   0.510837   0.506524   0.505272   0.513576   0.507124   0.505495   0.517156   0.507736   0.505710   0.521831   0.508342   0.505910   0.527868   0.508920   0.506088   0.535441   0.509445   0.506237   0.544365   0.509891   0.506349   0.553634   0.510232   0.506419   0.561081   0.510446   0.031964   0.031463   0.035871   0.968918   0.968866   0.964796   0.448865   0.494197   0.490112   0.454445   0.494280   0.490352   0.461673   0.494412   0.490732   0.468942   0.494585   0.491225   0.475362   0.494791   0.491802   0.480649   0.495019   0.492431   0.484847   0.495262   0.493084   0.488122   0.495510   0.493737   0.490660   0.495760   0.494371   0.492626   0.496004   0.494974   0.494154   0.496241   0.495536   0.495348   0.496467   0.496053   0.496286   0.496682   0.496523   0.497027   0.496885   0.496948   0.497618   0.497075   0.497328   0.498091   0.497253   0.497667
  -0.552500   0.503990   0.504649   0.504241   0.504140   0.505527   0.504625   0.504289   0.506622   0.505030   0.504435   0.507995   0.505451   0.504575   0.509726   0.505881   0.504708   0.511921   0.506311   0.504831   0.514718   0.506733   0.504942   0.518291   0.507135   0.505040   0.522845   0.507509   0.505124   0.528579   0.507842   0.505193   0.535585   0.508128   0.505246   0.543619   0.508358   0.505284   0.551746   0.508526   0.505307   0.558129   0.508628   0.030174   0.029597   0.034479   0.970813   0.970747   0.966247   0.452889   0.495358   0.491989   0.457344   0.495387   0.492106   0.463282   0.495436   0.492297   0.469464   0.495503   0.492556   0.475127   0.495588   0.492876   0.479959   0.495691   0.493246   0.483927   0.495808   0.493656   0.487122   0.495939   0.494094   0.489672   0.496081   0.494548   0.491701   0.496232   0.495006   0.493318   0.496388   0.495459   0.494609   0.496548   0.495899   0.495643   0.496708   0.496318   0.496475   0.496868   0.496712   0.497146   0.497025   0.497078
  -0.551200   0.504040   0.506178   0.504717   0.504134   0.507351   0.505051   0.504218   0.508797   0.505380   0.504290   0.510590   0.505697   0.504350   0.512824   0.505996   0.504398   0.515619   0.506271   0.504434   0.519124   0.506516   0.504460   0.523508   0.506729   0.504477   0.528921   0.506907   0.504487   0.535401   0.507050   0.504492   0.542674   0.507159   0.504494   0.549875   0.507236   0.504495   0.555429   0.507281   0.028843   0.028193   0.033519   0.972230   0.972149   0.967248   0.456495   0.496204   0.493380   0.460106   0.496209   0.493434   0.465031   0.496217   0.493524   0.470305   0.496230   0.493651   0.475281   0.496250   0.493817   0.479651   0.496278   0.494021   0.483339   0.496317   0.494261   0.486388   0.496367   0.494534   0.488882   0.496430   0.494836   0.490915   0.496505   0.495162   0.492571   0.496591   0.495503   0.493921   0.496689   0.495853   0.495023   0.496795   0.496204   0.495926   0.496908   0.496550   0.496667   0.497027   0.496885
  -0.549900   0.503942   0.508017   0.504983   0.503973   0.509506   0.505223   0.503992   0.511325   0.505440   0.503999   0.513558   0.505630   0.503996   0.516311   0.505792   0.503985   0.519714   0.505925   0.503968   0.523907   0.506031   0.503947   0.529004   0.506112   0.503926   0.535003   0.506171   0.503907   0.541614   0.506213   0.503892   0.548044   0.506240   0.503882   0.552926   0.506255   0.027830   0.027112   0.032854   0.973314   0.973219   0.967943   0.459741   0.496842   0.494439   0.462701   0.496834   0.494459   0.466817   0.496822   0.494494   0.471331   0.496808   0.494547   0.475696   0.496793   0.494621   0.479625   0.496780   0.494720   0.483019   0.496771   0.494845   0.485885   0.496769   0.495000   0.488280   0.496777   0.495185   0.490272   0.496795   0.495398   0.491926   0.496826   0.495637   0.493301   0.496870   0.495897   0.494445   0.496926   0.496174   0.495398   0.496994   0.496461   0.496192   0.497073   0.496751
  -0.548600   0.503721   0.510119   0.505010   0.503700   0.511937   0.505143   0.503671   0.514141   0.505249   0.503635   0.516828   0.505328   0.503595   0.520111   0.505385   0.503553   0.524107   0.505422   0.503513   0.528900   0.505443   0.503477   0.534460   0.505453   0.503446   0.540491   0.505456   0.503423   0.546264   0.505456   0.503408   0.550589   0.505454   0.027045   0.026263   0.032396   0.974160   0.974052   0.968422   0.462670   0.497335   0.495263   0.465119   0.497322   0.495265   0.468580   0.497300   0.495270   0.472455   0.497272   0.495281   0.476284   0.497239   0.495300   0.479804   0.497203   0.495334   0.482905   0.497167   0.495385   0.485575   0.497134   0.495457   0.487845   0.497105   0.495555   0.489766   0.497084   0.495680   0.491388   0.497073   0.495832   0.492760   0.497074   0.496011   0.493920   0.497088   0.496215   0.494902   0.497116   0.496439
  -0.547300   0.503259   0.520354   0.504902   0.503205   0.524153   0.504895   0.503155   0.528657   0.504880   0.503111   0.533815   0.504862   0.503076   0.539332   0.504844   0.503050   0.544540   0.504828   0.503034   0.548396   0.504818   0.026429   0.025587   0.032087   0.974829   0.974709   0.968747   0.465317   0.497725   0.495919   0.467359   0.497710   0.495911   0.470287   0.497684   0.495899   0.473622   0.497650   0.495885   0.476982   0.497608   0.495873   0.480129   0.497561   0.495867   0.482951   0.497510   0.495870   0.485420   0.497457   0.495887   0.487553   0.497406   0.495923   0.489384   0.497359   0.495981   0.490953   0.497319   0.496064   0.492299   0.497288   0.496175   0.493455   0.497268   0.496312   0.494448   0.497261   0.496474
  -0.546000   0.025940   0.025041   0.031888   0.975366   0.975233   0.968958   0.467714   0.498040   0.496450   0.469431   0.498023   0.496436   0.471921   0.497997   0.496415   0.474801   0.497960   0.496388   0.477750   0.497915   0.496357   0.480559   0.497863   0.496327   0.483118   0.497804   0.496300   0.485390   0.497742   0.496281   0.487380   0.497678   0.496274   0.489111   0.497615   0.496284   0.490614   0.497555   0.496315   0.491919   0.497501   0.496369
  -0.544700   0.025550   0.024596   0.031771   0.975799   0.975655   0.969085   0.469889   0.498298   0.496885   0.471346   0.498281   0.496869   0.473479   0.498255   0.496843   0.475973   0.498218   0.496808   0.478563   0.498173   0.496768   0.481066   0.498119   0.496723   0.483379   0.498058   0.496678   0.485460   0.497991   0.496636
  -0.543400   0.025236   0.024230   0.031715   0.976153   0.975998   0.969148
  -0.542100   0.024982   0.023927   0.031707   0.976443   0.976277   0.969163
  -0.540800   0.024777   0.023675   0.031733   0.976683   0.976505   0.969141
  -0.539500   0.024611   0.023464   0.031788   0.976881   0.976693   0.969090
  -0.538200   0.024477   0.023288   0.031863   0.977045   0.976847   0.969017
  -0.536900   0.024369   0.023139   0.031954   0.977181   0.976973   0.968928
  -0.535600   0.024283   0.023013   0.032058   0.977294   0.977077   0.968826
  -0.534300   0.024215   0.022908   0.032171   0.977387   0.977161   0.968714
  -0.533000   0.024162   0.022818   0.032290   0.977465   0.977229   0.968595
  -0.531700   0.024121   0.022743   0.032415   0.977528   0.977284   0.968471
  -0.530400   0.024092   0.022680   0.032544   0.977580   0.977327   0.968343
  -0.529100   0.024071   0.022627   0.032674   0.977623   0.977361   0.968213
  -0.527800   0.024058   0.022582   0.032806   0.977656   0.977386   0.968080
  -0.526500   0.024051   0.022545   0.032938   0.977683   0.977404   0.967948
  -0.525200   0.024050   0.022515   0.033071   0.977703   0.977416   0.967815
  -0.523900   0.024053   0.022490   0.033203   0.977718   0.977423   0.967683
  -0.522600   0.024060   0.022471   0.033334   0.977729   0.977426   0.967551
  -0.521300   0.024071   0.022455   0.033463   0.977735   0.977425   0.967421
  -0.520000   0.024085   0.022443   0.033591   0.977738   0.977420   0.967292
  -0.518700   0.024101   0.022435   0.033718   0.977738   0.977412   0.967165
  -0.517400   0.024120   0.022429   0.033842   0.977736   0.977402   0.967039
  -0.516100   0.024140   0.022425   0.033965   0.977731   0.977390   0.966916
  -0.514800   0.024161   0.022424   0.034085   0.977724   0.977376   0.966794
  -0.513500   0.024184   0.022425   0.034204   0.977716   0.977361   0.966675
  -0.512200   0.024208   0.022427   0.034320   0.977706   0.977344   0.966557
  -0.510900   0.024233   0.022431   0.034434   0.977695   0.977326   0.966442
  -0.509600   0.024258   0.022436   0.034546   0.977683   0.977307   0.966329
  -0.508300   0.024285   0.022442   0.034656   0.977670   0.977287   0.966218
  -0.507000   0.024311   0.022449   0.034764   0.977657   0.977267   0.966109
  -0.505700   0.024338   0.022457   0.034869   0.977642   0.977246   0.966003
  -0.504400   0.024366   0.022466   0.034972   0.977627   0.977224   0.965898
  -0.503100   0.024393   0.022476   0.035074   0.977612   0.977202   0.965796
  -0.501800   0.024421   0.022485   0.035173   0.977596   0.977180   0.965696
  -0.500500   0.024449   0.022496   0.035270   0.977580   0.977157   0.965597
  -0.499200   0.024476   0.022507   0.035365   0.977563   0.977134   0.965501
  -0.497900   0.024504   0.022518   0.035458   0.977547   0.977111   0.965406
  -0.496600   0.024532   0.022529   0.035550   0.977530   0.977088   0.965314
  -0.495300   0.024560   0.022541   0.035639   0.977513   0.977065   0.965223
  -0.494000   0.024587   0.022553   0.035727   0.977496   0.977042   0.965134
  -0.492700   0.024615   0.022565   0.035812   0.977480   0.977019   0.965047
  -0.491400   0.024642   0.022577   0.035896   0.977463   0.976995   0.964962
  -0.490100   0.024669   0.022589   0.035979   0.977446   0.976972   0.964878
  -0.488800   0.024696   0.022601   0.036060   0.977429   0.976949   0.964796
  -0.487500   0.024722   0.022614   0.036139   0.977412   0.976926   0.964716
  -0.486200   0.024749   0.022626   0.036216   0.977395   0.976904   0.964637
  -0.484900   0.024775   0.022639   0.036292   0.977378   0.976881   0.964560
  -0.483600   0.024801   0.022651   0.036367   0.977362   0.976858   0.964484
  -0.482300   0.024827   0.022663   0.036440   0.977345   0.976836   0.964410
  -0.481000   0.024852   0.022676   0.036511   0.977329   0.976814   0.964337
  -0.479700   0.024877   0.022688   0.036581   0.977313   0.976792   0.964266
  -0.478400   0.024902   0.022700   0.036650   0.977297   0.976770   0.964196
  -0.477100   0.024927   0.022712   0.036718   0.977281   0.976748   0.964127
  -0.475800   0.024951   0.022725   0.036784   0.977265   0.976727   0.964060
  -0.474500   0.024976   0.022737   0.036849   0.977250   0.976705   0.963993
  -0.473200   0.025000   0.022748   0.036913   0.977234   0.976684   0.963928
  -0.471900   0.025023   0.022760   0.036975   0.977219   0.976663   0.963865
  -0.470600   0.025047   0.022772   0.037037   0.977204   0.976643   0.963802
  -0.469300   0.025070   0.022784   0.037097   0.977189   0.976622   0.963740
  -0.468000   0.977175   0.976602   0.963680
  -0.466700   0.977160   0.976582   0.963621
  -0.465400   0.977146   0.976562   0.963562
  -0.464100   0.977131   0.976542   0.963505
  -0.462800   0.977117   0.976522   0.963449
  -0.461500   0.977104   0.976503   0.963394
  -0.460200   0.977090   0.976484   0.963339
  -0.458900   0.977077   0.976465   0.963286
  -0.457600   0.977063   0.976446   0.963233
  -0.456300   0.977050   0.976428   0.963182
  -0.455000   0.977037   0.976409   0.963131
  -0.453700   0.977024   0.976391   0.963081
  -0.452400   0.977012   0.976373   0.963032
  -0.451100   0.976999   0.976355   0.962984
  -0.449800   0.976987   0.976338   0.962936
  -0.448500   0.976975   0.976320   0.962890
  -0.447200   0.976963   0.976303   0.962844
  -0.445900   0.976951   0.976286   0.962799
  -0.444600   0.976940   0.976269   0.962754
  -0.443300   0.976928   0.976252   0.962710
  -0.442000   0.976917   0.976235   0.962667
  -0.440700   0.976906   0.976219   0.962625
  -0.439400
  -0.438100
  -0.436800
  -0.435500
  -0.434200
  -0.432900
  -0.431600
  -0.430300
  -0.429000
  -0.427700
  -0.426400
  -0.425100
  -0.423800
  -0.422500
  -0.421200
  -0.419900
  -0.418600
  -0.417300
  -0.416000
  -0.414700
  -0.413400
  -0.412100
  -0.410800
  -0.409500
  -0.408200
  -0.406900
  -0.405600
  -0.404300
  -0.403000
  -0.401700
  -0.400400
  -0.399100
  -0.397800
  -0.396500
  -0.395200
  -0.393900
  -0.392600
  -0.391300
  -0.390000
  -0.388700
  -0.387400
  -0.386100
  -0.384800
  -0.383500
  -0.382200
  -0.380900
  -0.379600
  -0.378300
  -0.377000
  -0.375700
  -0.374400
  -0.373100
  -0.371800
  -0.370500
  -0.369200
  -0.367900
  -0.366600
  -0.365300
  -0.364000
  -0.362700
  -0.361400
  -0.360100
  -0.358800
  -0.357500
  -0.356200
  -0.354900
  -0.353600
  -0.352300
  -0.351000
  -0.349700
  -0.348400
  -0.347100
  -0.345800
  -0.344500
  -0.343200
  -0.341900
  -0.340600
  -0.339300
  -0.338000
  -0.336700
  -0.335400
  -0.334100
  -0.332800
  -0.331500
  -0.330200
  -0.328900
  -0.327600
  -0.326300
  -0.325000
  -0.323700
  -0.322400
  -0.321100
  -0.319800
  -0.318500
  -0.317200
  -0.315900
  -0.314600
  -0.313300
  -0.312000
  -0.310700
  -0.309400
  -0.308100
  -0.306800
  -0.305500
  -0.304200
  -0.302900
  -0.301600
  -0.300300
  -0.299000
  -0.297700
  -0.296400
  -0.295100
  -0.293800
  -0.292500
  -0.291200
  -0.289900
  -0.288600
  -0.287300
  -0.286000
  -0.284700
  -0.283400
  -0.282100
  -0.280800
  -0.279500
  -0.278200
  -0.276900
  -0.275600
  -0.274300
  -0.273000
  -0.271700
  -0.270400
  -0.269100
  -0.267800
  -0.266500
  -0.265200
  -0.263900
  -0.262600
  -0.261300
  -0.260000
  -0.258700
  -0.257400
  -0.256100
  -0.254800
  -0.253500
  -0.252200
  -0.250900
  -0.249600
  -0.248300
  -0.247000
  -0.245700
  -0.244400
  -0.243100
  -0.241800
  -0.240500
  -0.239200
  -0.237900
  -0.236600
  -0.235300
  -0.234000
  -0.232700
  -0.231400
  -0.230100
  -0.228800
  -0.227500
  -0.226200
  -0.224900
  -0.223600
  -0.222300
  -0.221000
  -0.219700
  -0.218400
  -0.217100
  -0.215800
  -0.214500
  -0.213200
  -0.211900
  -0.210600
  -0.209300
  -0.208000
  -0.206700
  -0.205400
  -0.204100
  -0.202800
  -0.201500
  -0.200200
  -0.198900
  -0.197600
  -0.196300
  -0.195000
  -0.193700
  -0.192400
  -0.191100
  -0.189800
  -0.188500
  -0.187200
  -0.185900
  -0.184600
  -0.183300
  -0.182000
  -0.180700
  -0.179400
  -0.178100
  -0.176800
  -0.175500
  -0.174200
  -0.172900
  -0.171600
  -0.170300
  -0.169000
  -0.167700
  -0.166400
  -0.165100
  -0.163800
  -0.162500
  -0.161200
  -0.159900
  -0.158600
  -0.157300
  -0.156000
  -0.154700
  -0.153400
  -0.152100
  -0.150800
  -0.149500
  -0.148200
  -0.146900
  -0.145600
  -0.144300
  -0.143000
  -0.141700
  -0.140400
  -0.139100
  -0.137800
  -0.136500
  -0.135200
  -0.133900
  -0.132600
  -0.131300
  -0.130000
  -0.128700
  -0.127400
  -0.126100
  -0.124800
  -0.123500
  -0.122200
  -0.120900
  -0.119600
  -0.118300
  -0.117000
  -0.115700
  -0.114400
  -0.113100
  -0.111800
  -0.110500
  -0.109200
  -0.107900
  -0.106600
  -0.105300
  -0.104000
  -0.102700
  -0.101400
  -0.100100
  -0.098800
  -0.097500
  -0.096200
  -0.094900
  -0.093600
  -0.092300
  -0.091000
  -0.089700
  -0.088400
  -0.087100
  -0.085800
  -0.084500
  -0.083200
  -0.081900
  -0.080600
  -0.079300
  -0.078000
  -0.076700
  -0.075400
  -0.074100
  -0.072800
  -0.071500
  -0.070200
  -0.068900
  -0.067600
  -0.066300
  -0.065000
  -0.063700
  -0.062400
  -0.061100
  -0.059800
  -0.058500
  -0.057200
  -0.055900
  -0.054600
  -0.053300
  -0.052000
  -0.050700
  -0.049400
  -0.048100
  -0.046800
  -0.045500
  -0.044200
  -0.042900
  -0.041600
  -0.040300
  -0.039000
  -0.037700
  -0.036400
  -0.035100
  -0.033800
  -0.032500
  -0.031200
  -0.029900
  -0.028600
  -0.027300
  -0.026000
  -0.024700
  -0.023400
  -0.022100
  -0.020800
  -0.019500
  -0.018200
  -0.016900
  -0.015600
  -0.014300
  -0.013000
  -0.011700
  -0.010400
  -0.009100
  -0.007800
  -0.006500
  -0.005200
  -0.003900
  -0.002600
  -0.001300
   0.000000
   0.001300
   0.002600
   0.003900
   0.005200
   0.006500
   0.007800
   0.009100
   0.010400
   0.011700
   0.013000
   0.014300
   0.015600
   0.016900
   0.018200
   0.019500
   0.020800
   0.022100
   0.023400
   0.024700
   0.026000
   0.027300
   0.028600
   0.029900
   0.031200
   0.032500
   0.033800
   0.035100
   0.036400
   0.037700
   0.039000
   0.040300
   0.041600
   0.042900
   0.044200
   0.045500
   0.046800
   0.048100
   0.049400
   0.050700
   0.052000
   0.053300
   0.054600
   0.055900
   0.057200
   0.058500
   0.059800
   0.061100
   0.062400
   0.063700
   0.065000
   0.066300
   0.067600
   0.068900
   0.070200
   0.071500
   0.072800
   0.074100
   0.075400
   0.076700
   0.078000
   0.079300
   0.080600
   0.081900
   0.083200
   0.084500
   0.085800
   0.087100
   0.088400
   0.089700
   0.091000
   0.092300
   0.093600
   0.094900
   0.096200
   0.097500
   0.098800
   0.100100
   0.101400
   0.102700
   0.104000
   0.105300
   0.106600
   0.107900
   0.109200
   0.110500
   0.111800
   0.113100
   0.114400
   0.115700
   0.117000
   0.118300
   0.119600
   0.120900
   0.122200
   0.123500
   0.124800
   0.126100
   0.127400
   0.128700
   0.130000
   0.131300
   0.132600
   0.133900
   0.135200
   0.136500
   0.137800
   0.139100
   0.140400
   0.141700
   0.143000
   0.144300
   0.145600
   0.146900
   0.148200
   0.149500
   0.150800
   0.152100
   0.153400
   0.154700
   0.156000
   0.157300
   0.158600
   0.159900
   0.161200
   0.162500
   0.163800
   0.165100
   0.166400
   0.167700
   0.169000
   0.170300
   0.171600
   0.172900
   0.174200
   0.175500
   0.176800
   0.178100
   0.179400
   0.180700
   0.182000
   0.183300
   0.184600
   0.185900
   0.187200
   0.188500
   0.189800
   0.191100
   0.192400
   0.193700
   0.195000
   0.196300
   0.197600
   0.198900
   0.200200
   0.201500
   0.202800
   0.204100
   0.205400
   0.206700
   0.208000
   0.209300
   0.210600
   0.211900
   0.213200
   0.214500
   0.215800
   0.217100
   0.218400
   0.219700
   0.221000
   0.222300
   0.223600
   0.224900
   0.226200
   0.227500
   0.228800
   0.230100
   0.231400
   0.232700
   0.234000
   0.235300
   0.236600
   0.237900
   0.239200
   0.240500
   0.241800
   0.243100
   0.244400
   0.245700
   0.247000
   0.248300
   0.249600
   0.250900
   0.252200
   0.253500
   0.254800
   0.256100
   0.257400
   0.258700
   0.260000
   0.261300
   0.262600
   0.263900
   0.265200
   0.266500
   0.267800
   0.269100
   0.270400
   0.271700
   0.273000
   0.274300
   0.275600
   0.276900
   0.278200
   0.279500
   0.280800
   0.282100
   0.283400
   0.284700
   0.286000
   0.287300
   0.288600
   0.289900
   0.291200
   0.292500
   0.293800
   0.295100
   0.296400
   0.297700
   0.299000
   0.300300
   0.301600
   0.302900
   0.304200
   0.305500
   0.306800
   0.308100
   0.309400
   0.310700
   0.312000
   0.313300
   0.314600
   0.315900
   0.317200
   0.318500
   0.319800
   0.321100
   0.322400
   0.323700
   0.325000
   0.326300
   0.327600
   0.328900
   0.330200
   0.331500
   0.332800
   0.334100
   0.335400
   0.336700
   0.338000
   0.339300
   0.340600
   0.341900
   0.343200
   0.344500
   0.345800
   0.347100
   0.348400
   0.349700
   0.351000
   0.352300
   0.353600
   0.354900
   0.356200
   0.357500
   0.358800
   0.360100
   0.361400
   0.362700
   0.364000
   0.365300
   0.366600
   0.367900
   0.369200
   0.370500
   0.371800
   0.373100
   0.374400
   0.375700
   0.377000
   0.378300
   0.379600
   0.380900
   0.382200
   0.383500
   0.384800
   0.386100
   0.387400
   0.388700
   0.390000
   0.391300
   0.392600
   0.393900
   0.395200
   0.396500
   0.397800
   0.399100
   0.400400
   0.401700
   0.403000
   0.404300
   0.405600
   0.406900
   0.408200
   0.409500
   0.410800
   0.412100
   0.413400
   0.414700
   0.416000
   0.417300
   0.418600
   0.419900
   0.421200
   0.422500
   0.423800
   0.425100
   0.426400
   0.427700
   0.429000
   0.430300
   0.431600
   0.432900
   0.434200
   0.435500
   0.436800
   0.438100
   0.439400
   0.440700
   0.442000
   0.443300
   0.444600
   0.445900   0.977626   0.975521   0.962757
   0.447200   0.977640   0.975538   0.962802
   0.448500   0.977653   0.975555   0.962848
   0.449800   0.977667   0.975571   0.962894
   0.451100   0.977681   0.975588   0.962941
   0.452400   0.977695   0.975606   0.962989
   0.453700   0.977709   0.975623   0.963038
   0.455000   0.977723   0.975641   0.963088
   0.456300   0.977738   0.975659   0.963138
   0.457600   0.977752   0.975677   0.963190
   0.458900   0.977767   0.975696   0.963242
   0.460200   0.977782   0.975715   0.963295
   0.461500   0.977797   0.975734   0.963349
   0.462800   0.977812   0.975753   0.963404
   0.464100   0.977828   0.975772   0.963461
   0.465400   0.977843   0.975792   0.963518
   0.466700   0.025880   0.022046   0.037286   0.977859   0.975812   0.963576
   0.468000   0.025857   0.022033   0.037228   0.977875   0.975832   0.963635
   0.469300   0.025835   0.022021   0.037168   0.977891   0.975853   0.963696
   0.470600   0.025812   0.022008   0.037108   0.977907   0.975874   0.963757
   0.471900   0.025788   0.021996   0.037046   0.977923   0.975895   0.963820
   0.473200   0.025765   0.021983   0.036984   0.977939   0.975916   0.963884
   0.474500   0.025741   0.021970   0.036920   0.977956   0.975938   0.963949
   0.475800   0.025716   0.021957   0.036854   0.977973   0.975960   0.964015
   0.477100   0.025691   0.021944   0.036788   0.977989   0.975982   0.964083
   0.478400   0.025666   0.021931   0.036720   0.978006   0.976004   0.964151
   0.479700   0.025641   0.021918   0.036651   0.978023   0.976027   0.964222
   0.481000   0.025615   0.021905   0.036580   0.978040   0.976050   0.964293
   0.482300   0.025589   0.021893   0.036508   0.978058   0.976073   0.964366
   0.483600   0.025562   0.021880   0.036434   0.978075   0.976097   0.964441
   0.484900   0.025536   0.021867   0.036359   0.978092   0.976120   0.964517
   0.486200   0.025508   0.021854   0.036283   0.978110   0.976144   0.964594
   0.487500   0.025481   0.021841   0.036204   0.978127   0.976169   0.964673
   0.488800   0.025453   0.021828   0.036125   0.978145   0.976193   0.964754
   0.490100   0.025425   0.021816   0.036043   0.978162   0.976218   0.964837
   0.491400   0.025396   0.021803   0.035960   0.978179   0.976242   0.964921
   0.492700   0.025367   0.021791   0.035875   0.978197   0.976267   0.965006
   0.494000   0.025338   0.021779   0.035788   0.978214   0.976292   0.965094
   0.495300   0.025308   0.021767   0.035699   0.978231   0.976318   0.965183
   0.496600   0.025279   0.021756   0.035609   0.978248   0.976343   0.965274
   0.497900   0.025249   0.021745   0.035516   0.978265   0.976368   0.965367
   0.499200   0.025219   0.021734   0.035422   0.978282   0.976394   0.965462
   0.500500   0.025188   0.021724   0.035326   0.978298   0.976419   0.965559
   0.501800   0.025158   0.021714   0.035227   0.978314   0.976445   0.965658
   0.503100   0.025127   0.021705   0.035127   0.978329   0.976470   0.965759
   0.504400   0.025097   0.021696   0.035024   0.978344   0.976495   0.965862
   0.505700   0.025066   0.021689   0.034919   0.978359   0.976520   0.965967
   0.507000   0.025036   0.021682   0.034812   0.978373   0.976545   0.966074
   0.508300   0.025005   0.021676   0.034703   0.978386   0.976569   0.966184
   0.509600   0.024975   0.021671   0.034592   0.978398   0.976593   0.966295
   0.510900   0.024946   0.021667   0.034478   0.978409   0.976616   0.966409
   0.512200   0.024917   0.021665   0.034362   0.978419   0.976639   0.966525
   0.513500   0.024888   0.021665   0.034244   0.978427   0.976660   0.966643
   0.514800   0.024860   0.021666   0.034124   0.978434   0.976680   0.966763
   0.516100   0.024834   0.021670   0.034002   0.978439   0.976700   0.966885
   0.517400   0.024808   0.021675   0.033878   0.978442   0.976717   0.967010
   0.518700   0.024784   0.021684   0.033751   0.978443   0.976733   0.967136
   0.520000   0.024762   0.021695   0.033623   0.978441   0.976747   0.967264
   0.521300   0.024742   0.021710   0.033493   0.978436   0.976758   0.967393
   0.522600   0.024724   0.021729   0.033361   0.978428   0.976766   0.967524
   0.523900   0.024710   0.021752   0.033228   0.978415   0.976771   0.967657
   0.525200   0.024699   0.021781   0.033094   0.978398   0.976773   0.967790
   0.526500   0.024692   0.021815   0.032960   0.978375   0.976769   0.967924
   0.527800   0.024690   0.021856   0.032825   0.978346   0.976760   0.968058
   0.529100   0.024694   0.021904   0.032691   0.978310   0.976745   0.968191
   0.530400   0.024705   0.021962   0.032559   0.978265   0.976722   0.968323
   0.531700   0.024724   0.022030   0.032428   0.978211   0.976691   0.968452
   0.533000   0.024753   0.022110   0.032301   0.978146   0.976650   0.968579
   0.534300   0.024793   0.022203   0.032178   0.978067   0.976596   0.968700
   0.535600   0.024847   0.022314   0.032062   0.977972   0.976528   0.968815
   0.536900   0.024918   0.022443   0.031955   0.977860   0.976443   0.968922
   0.538200   0.025009   0.022595   0.031859   0.977725   0.976337   0.969016
   0.539500   0.025124   0.022775   0.031778   0.977564   0.976207   0.969096
   0.540800   0.025268   0.022987   0.031717   0.977372   0.976046   0.969156
   0.542100   0.025448   0.023238   0.031682   0.977141   0.975850   0.969191
   0.543400   0.025672   0.023538   0.031680   0.976864   0.975609   0.969193
   0.544700   0.976530   0.975313   0.969153   0.025951   0.023897   0.031720   0.521403   0.499808   0.500457   0.519665   0.499803   0.500457   0.517347   0.499795   0.500458   0.514928   0.499785   0.500459   0.512700   0.499771   0.500460   0.510781   0.499755   0.500461   0.509182   0.499736   0.500463   0.507870   0.499715   0.500464   0.506798   0.499692   0.500466   0.505918   0.499666   0.500469   0.505193   0.499639   0.500471   0.504589   0.499611   0.500473
   0.546000   0.501037   0.475866   0.500243   0.501027   0.468202   0.500245   0.501020   0.458839   0.500247   0.501016   0.449980   0.500247   0.976125   0.974947   0.969057   0.026299   0.024329   0.031816   0.524886   0.499861   0.500648   0.522664   0.499857   0.500649   0.519755   0.499850   0.500650   0.516783   0.499840   0.500652   0.514104   0.499828   0.500655   0.511841   0.499814   0.500657   0.509987   0.499797   0.500660   0.508487   0.499777   0.500662   0.507274   0.499756   0.500664   0.506289   0.499733   0.500665   0.505483   0.499709   0.500666   0.504817   0.499683   0.500665   0.504261   0.499656   0.500663   0.503794   0.499628   0.500659
   0.547300   0.501056   0.493584   0.499995   0.501035   0.492216   0.499992   0.501016   0.490430   0.499991   0.500999   0.488050   0.499991   0.500984   0.484812   0.499993   0.500971   0.480333   0.499995   0.500960   0.474104   0.499997   0.500952   0.465648   0.499999   0.500946   0.455195   0.500001   0.500942   0.445177   0.500002   0.975630   0.974494   0.968889   0.026735   0.024853   0.031986   0.528834   0.499939   0.500900   0.525995   0.499935   0.500901   0.522357   0.499929   0.500902   0.518730   0.499921   0.500904   0.515537   0.499910   0.500906   0.512894   0.499897   0.500907   0.510766   0.499881   0.500908   0.509067   0.499864   0.500908   0.507709   0.499844   0.500905   0.506616   0.499823   0.500901   0.505729   0.499800   0.500894   0.505001   0.499776   0.500884   0.504398   0.499750   0.500872   0.503894   0.499724   0.500858   0.503469   0.499697   0.500841
   0.548600   0.500987   0.495403   0.499763   0.500963   0.494505   0.499739   0.500941   0.493374   0.499720   0.500921   0.491923   0.499705   0.500902   0.490025   0.499693   0.500886   0.487488   0.499685   0.500872   0.484025   0.499680   0.500860   0.479211   0.499677   0.500850   0.472475   0.499675   0.500843   0.463253   0.499675   0.500837   0.451726   0.499675   0.500834   0.440547   0.499675   0.975019   0.973929   0.968625   0.027283   0.025496   0.032254   0.533261   0.500052   0.501235   0.529647   0.500049   0.501235   0.525127   0.500043   0.501235   0.520739   0.500036   0.501233   0.516969   0.500025   0.501231   0.513913   0.500013   0.501226   0.511493   0.499998   0.501219   0.509589   0.499981   0.501209   0.508083   0.499962   0.501195   0.506884   0.499941   0.501178   0.505917   0.499918   0.501156   0.505131   0.499893   0.501130   0.504484   0.499867   0.501100   0.503948   0.499840   0.501068   0.503499   0.499812   0.501033
   0.549900   0.500874   0.496117   0.499547   0.500845   0.495366   0.499495   0.500818   0.494430   0.499446   0.500792   0.493245   0.499402   0.500770   0.491720   0.499363   0.500749   0.489719   0.499329   0.500731   0.487036   0.499302   0.500716   0.483361   0.499280   0.500703   0.478231   0.499263   0.500693   0.471015   0.499251   0.500685   0.461066   0.499242   0.500680   0.448516   0.499236   0.500676   0.436222   0.499233   0.974259   0.973216   0.968232   0.027980   0.026292   0.032653   0.538153   0.500216   0.501689   0.533586   0.500213   0.501685   0.528016   0.500207   0.501677   0.522758   0.500199   0.501667   0.518353   0.500188   0.501652   0.514857   0.500174   0.501632   0.512135   0.500158   0.501607   0.510023   0.500139   0.501576   0.508373   0.500117   0.501539   0.507071   0.500093   0.501496   0.506032   0.500066   0.501448   0.505195   0.500038   0.501396   0.504512   0.500008   0.501340   0.503951   0.499976   0.501282   0.503486   0.499943   0.501224   0.503098   0.499911   0.501165
   0.551200   0.500751   0.496791   0.499389   0.500712   0.496171   0.499302   0.500674   0.495404   0.499214   0.500639   0.494442   0.499128   0.500605   0.493217   0.499044   0.500574   0.491632   0.498966   0.500546   0.489542   0.498894   0.500522   0.486728   0.498829   0.500501   0.482858   0.498773   0.500483   0.477437   0.498725   0.500469   0.469776   0.498687   0.500458   0.459152   0.498658   0.500450   0.445654   0.498638   0.500446   0.432328   0.498626   0.973301   0.972309   0.967663   0.028874   0.027292   0.033232   0.543453   0.500456   0.502311   0.537734   0.500451   0.502297   0.530945   0.500442   0.502274   0.524715   0.500430   0.502241   0.519628   0.500415   0.502198   0.515673   0.500396   0.502146   0.512649   0.500373   0.502084   0.510334   0.500346   0.502013   0.508549   0.500316   0.501935   0.507157   0.500283   0.501851   0.506059   0.500248   0.501763   0.505182   0.500210   0.501672   0.504475   0.500171   0.501580   0.503899   0.500131   0.501490   0.503426   0.500090   0.501403   0.503035   0.500049   0.501320
   0.552500   0.500581   0.496910   0.499192   0.500529   0.496295   0.499068   0.500477   0.495527   0.498936   0.500426   0.494555   0.498800   0.500376   0.493309   0.498661   0.500328   0.491684   0.498522   0.500284   0.489527   0.498385   0.500243   0.486607   0.498255   0.500206   0.482570   0.498135   0.500175   0.476888   0.498027   0.500148   0.468821   0.497935   0.500128   0.457581   0.497861   0.500113   0.443223   0.497807   0.500104   0.428967   0.497775   0.972073   0.971135   0.966848   0.030038   0.028570   0.034061   0.549053   0.500809   0.503182   0.541973   0.500799   0.503146   0.533798   0.500783   0.503087   0.526510   0.500760   0.503006   0.520708   0.500731   0.502906   0.516294   0.500697   0.502789   0.512979   0.500657   0.502659   0.510481   0.500613   0.502521   0.508582   0.500565   0.502376   0.507120   0.500515   0.502229   0.505981   0.500462   0.502084   0.505083   0.500408   0.501942   0.504367   0.500354   0.501807   0.503790   0.500300   0.501680   0.503321   0.500247   0.501561   0.502937   0.500196   0.501452
   0.553800   0.500403   0.497085   0.499027   0.500332   0.496488   0.498862   0.500259   0.495737   0.498682   0.500183   0.494779   0.498485   0.500107   0.493538   0.498274   0.500029   0.491904   0.498050   0.499953   0.489716   0.497818   0.499879   0.486726   0.497582   0.499808   0.482562   0.497350   0.499744   0.476661   0.497129   0.499688   0.468236   0.496930   0.499642   0.456436   0.496762   0.499608   0.441291   0.496634   0.499587   0.426192   0.496554   0.970467   0.969587   0.965683   0.031583   0.030236   0.035249   0.554789   0.501344   0.504432   0.546133   0.501320   0.504345   0.536417   0.501283   0.504206   0.528006   0.501232   0.504025   0.521484   0.501171   0.503811   0.516632   0.501102   0.503576   0.513060   0.501027   0.503330   0.510416   0.500947   0.503082   0.508439   0.500866   0.502839   0.506940   0.500785   0.502606   0.505789   0.500705   0.502388   0.504893   0.500626   0.502187   0.504188   0.500551   0.502003   0.503626   0.500478   0.501837   0.503173   0.500409   0.501688   0.502805   0.500344   0.501555
   0.555100   0.500223   0.497309   0.498905   0.500130   0.496748   0.498704   0.500030   0.496035   0.498475   0.499922   0.495118   0.498215   0.499806   0.493917   0.497921   0.499683   0.492318   0.497592   0.499553   0.490149   0.497229   0.499419   0.487150   0.496836   0.499284   0.482924   0.496422   0.499151   0.476868   0.496002   0.499027   0.468141   0.495596   0.498920   0.455825   0.495233   0.498835   0.439920   0.494943   0.498781   0.423991   0.494754   0.968313   0.967494   0.963998   0.033685   0.032467   0.036970   0.560461   0.502174   0.506273   0.549997   0.502116   0.506070   0.538593   0.502024   0.505760   0.529022   0.501908   0.505372   0.521809   0.501775   0.504942   0.516580   0.501633   0.504499   0.512817   0.501489   0.504066   0.510092   0.501348   0.503657   0.508092   0.501213   0.503282   0.506604   0.501085   0.502945   0.505478   0.500965   0.502645   0.504614   0.500854   0.502381   0.503942   0.500751   0.502150   0.503411   0.500657   0.501949   0.502987   0.500569   0.501774   0.502645   0.500489   0.501622
   0.556400   0.500053   0.497574   0.498837   0.499936   0.497064   0.498609   0.499805   0.496412   0.498340   0.499658   0.495566   0.498023   0.499493   0.494447   0.497648   0.499308   0.492938   0.497206   0.499100   0.490862   0.496688   0.498870   0.487944   0.496088   0.498619   0.483760   0.495406   0.498354   0.477660   0.494656   0.498085   0.468720   0.493871   0.497833   0.455914   0.493112   0.497623   0.439174   0.492462   0.497482   0.422257   0.492019   0.965323   0.964571   0.961512   0.036642   0.035561   0.039520   0.565885   0.503514   0.509072   0.553298   0.503361   0.508598   0.540037   0.503135   0.507907   0.529307   0.502866   0.507104   0.521496   0.502581   0.506280   0.516011   0.502301   0.505498   0.512177   0.502038   0.504792   0.509470   0.501799   0.504175   0.507528   0.501584   0.503647   0.506110   0.501394   0.503198   0.505054   0.501225   0.502820   0.504254   0.501075   0.502502   0.503638   0.500943   0.502233   0.503155   0.500825   0.502007   0.502772   0.500719   0.501815   0.502463   0.500624   0.501652
   0.557700   0.499904   0.497870   0.498829   0.499765   0.497425   0.498588   0.499605   0.496854   0.498296   0.499418   0.496108   0.497941   0.499200   0.495114   0.497505   0.498942   0.493759   0.496966   0.498635   0.491867   0.496298   0.498270   0.489158   0.495469   0.497840   0.485183   0.494447   0.497341   0.479233   0.493215   0.496783   0.470255   0.491786   0.496204   0.457003   0.490248   0.495671   0.439181   0.488794   0.495286   0.420744   0.487719   0.960978   0.960296   0.957705   0.040996   0.040064   0.043438   0.570979   0.505779   0.513475   0.555686   0.505364   0.512328   0.540319   0.504795   0.510789   0.528506   0.504180   0.509174   0.520313   0.503595   0.507688   0.514801   0.503075   0.506418   0.511085   0.502630   0.505374   0.508538   0.502255   0.504532   0.506753   0.501943   0.503858   0.505473   0.501681   0.503318   0.504534   0.501460   0.502884   0.503829   0.501272   0.502531   0.503289   0.501112   0.502244   0.502869   0.500972   0.502006   0.502535   0.500851   0.501809   0.502267   0.500743   0.501644
   0.559000   0.499786   0.498184   0.498880   0.499631   0.497813   0.498643   0.499448   0.497338   0.498352   0.499230   0.496717   0.497989   0.498966   0.495887   0.497532   0.498641   0.494748   0.496944   0.498233   0.493139   0.496178   0.497716   0.490795   0.495167   0.497053   0.487267   0.493817   0.496202   0.481800   0.492015   0.495130   0.473165   0.489653   0.493848   0.459677   0.486718   0.492487   0.440328   0.483487   0.491366   0.419015   0.480752   0.954226   0.953622   0.951533   0.047855   0.047083   0.049829   0.575890   0.509827   0.520614   0.556551   0.508621   0.517697   0.538720   0.507174   0.514292   0.526141   0.505828   0.511240   0.518028   0.504716   0.508814   0.512872   0.503842   0.506982   0.509539   0.503166   0.505622   0.507324   0.502642   0.504610   0.505803   0.502232   0.503849   0.504728   0.501906   0.503268   0.503945   0.501642   0.502818   0.503360   0.501425   0.502463   0.502913   0.501243   0.502179   0.502564   0.501089   0.501948   0.502287   0.500956   0.501759
   0.560300   0.499708   0.498503   0.498984   0.499547   0.498211   0.498769   0.499355   0.497840   0.498503   0.499123   0.497359   0.498169   0.498836   0.496719   0.497740   0.498472   0.495843   0.497177   0.497998   0.494602   0.496419   0.497363   0.492776   0.495368   0.496488   0.489974   0.493867   0.495250   0.485475   0.491665   0.493464   0.477943   0.488369   0.490909   0.465052   0.483465   0.487510   0.443933   0.476681   0.483959   0.416554   0.469336   0.942591   0.942069   0.940521   0.059872   0.059272   0.061342   0.580906   0.517492   0.532310   0.554321   0.513662   0.524460   0.534008   0.510078   0.517380   0.521695   0.507436   0.512362   0.514535   0.505615   0.509039   0.510275   0.504365   0.506843   0.507629   0.503489   0.505360   0.505910   0.502857   0.504328   0.504744   0.502386   0.503587   0.503923   0.502026   0.503040   0.503324   0.501743   0.502624   0.502874   0.501514   0.502302   0.502528   0.501325   0.502046   0.502255   0.501166   0.501839   0.502037   0.501030   0.501670
   0.561600   0.499676   0.498816   0.499130   0.499522   0.498602   0.498952   0.499339   0.498336   0.498734   0.499117   0.497997   0.498461   0.498843   0.497556   0.498112   0.498493   0.496961   0.497654   0.498030   0.496132   0.497031   0.497393   0.494925   0.496150   0.496475   0.493072   0.494846   0.495077   0.490046   0.492805   0.492810   0.484732   0.489403   0.488885   0.474624   0.483331   0.481775   0.454099   0.471951   0.470048   0.415116   0.452410   0.918515   0.918076   0.917115   0.085356   0.084931   0.086276   0.583705   0.531769   0.549340   0.544527   0.519181   0.528623   0.524674   0.511874   0.517081   0.515082   0.507934   0.511072   0.510090   0.505690   0.507752   0.507266   0.504317   0.505779   0.505545   0.503420   0.504526   0.504427   0.502800   0.503684   0.503661   0.502350   0.503090   0.503113   0.502010   0.502654   0.502706   0.501743   0.502323   0.502394   0.501528   0.502065   0.502150   0.501349   0.501859   0.501953   0.501199   0.501690   0.501792   0.501069   0.501551
   0.562900   0.499558   0.498973   0.499175   0.499404   0.498805   0.499020   0.499223   0.498601   0.498832   0.499005   0.498346   0.498600   0.498736   0.498022   0.498307   0.498391   0.497593   0.497924   0.497932   0.497004   0.497404   0.497285   0.496150   0.496657   0.496304   0.494820   0.495508   0.494669   0.492545   0.493567   0.491550   0.488088   0.489816   0.484258   0.477359   0.480929   0.460469   0.440508   0.451260   0.849103   0.846691   0.847258   0.163552   0.160469   0.162667   0.554833   0.538549   0.546360   0.520884   0.515493   0.518187   0.511356   0.508713   0.510082   0.507438   0.505843   0.506698   0.505444   0.504342   0.504952   0.504280   0.503440   0.503919   0.503531   0.502841   0.503246   0.503014   0.502415   0.502775   0.502636   0.502093   0.502428   0.502349   0.501840   0.502161   0.502124   0.501633   0.501950   0.501942   0.501461   0.501777   0.501792   0.501313   0.501634   0.501667   0.501184   0.501514
   0.564200   0.499655   0.499313   0.499420   0.499549   0.499232   0.499334   0.499436   0.499145   0.499242   0.499317   0.499053   0.499143   0.499195   0.498959   0.499042   0.499076   0.498871   0.498945   0.498977   0.498804   0.498868   0.498932   0.498789   0.498843   0.499023   0.498902   0.498949   0.499457   0.499321   0.499374   0.500805   0.500532   0.500639   0.505015   0.504173   0.504506   0.522053   0.518613   0.519976   0.705019   0.673996   0.686359   0.337861   0.303813   0.324730   0.478465   0.473550   0.476594   0.494979   0.493787   0.494527   0.499365   0.499063   0.499251   0.500914   0.500861   0.500894   0.501516   0.501518   0.501516   0.501741   0.501733   0.501737   0.501800   0.501761   0.501786   0.501784   0.501709   0.501758   0.501734   0.501621   0.501696   0.501670   0.501520   0.501621   0.501600   0.501417   0.501542   0.501531   0.501315   0.501465   0.501465   0.501217   0.501391   0.501402   0.501124   0.501322
   0.565500   0.499807   0.499616   0.499671   0.499765   0.499608   0.499654   0.499744   0.499616   0.499654   0.499757   0.499654   0.499685   0.499832   0.499739   0.499768   0.500015   0.499904   0.499939   0.500395   0.500207   0.500266   0.501146   0.500754   0.500878   0.502626   0.501754   0.502030   0.505620   0.503643   0.504267   0.511968   0.507417   0.508838   0.526250   0.515551   0.518854   0.559629   0.534456   0.542213   0.626738   0.574815   0.591201   0.429930   0.375552   0.413630   0.466634   0.439199   0.458611   0.484878   0.472861   0.481361   0.493006   0.487801   0.491465   0.496857   0.494584   0.496178   0.498818   0.497834   0.498522   0.499873   0.499466   0.499751   0.500462   0.500310   0.500416   0.500797   0.500750   0.500783   0.500988   0.500972   0.500983   0.501094   0.501074   0.501088   0.501148   0.501106   0.501136   0.501171   0.501098   0.501151   0.501174   0.501066   0.501145
   0.566800   0.500040   0.499929   0.499958   0.500125   0.500012   0.500042   0.500292   0.500144   0.500184   0.500589   0.500354   0.500418   0.501106   0.500684   0.500799   0.501996   0.501206   0.501420   0.503547   0.502040   0.502444   0.506297   0.503400   0.504164   0.511277   0.505670   0.507114   0.520419   0.509535   0.512263   0.536895   0.516136   0.521205   0.563700   0.526719   0.535620   0.595963   0.539873   0.553419   0.462578   0.403362   0.449245   0.474747   0.435134   0.465851   0.484798   0.462226   0.479651   0.491210   0.479235   0.488403   0.495026   0.488808   0.493525   0.497294   0.494075   0.496498   0.498668   0.497005   0.498250   0.499520   0.498670   0.499304   0.500058   0.499635   0.499950   0.500403   0.500200   0.500352   0.500627   0.500531   0.500602   0.500771   0.500720   0.500758   0.500863   0.500822   0.500853   0.500921   0.500869   0.500908
   0.568100   0.500358   0.500199   0.500236   0.500558   0.500334   0.500387   0.500884   0.500531   0.500615   0.501407   0.500818   0.500959   0.502248   0.501239   0.501478   0.503607   0.501860   0.502267   0.505828   0.502784   0.503478   0.509499   0.504172   0.505351   0.515592   0.506263   0.508253   0.525529   0.509384   0.512687   0.540757   0.513842   0.519134   0.560860   0.519507   0.527404   0.580275   0.524959   0.535376   0.476718   0.417192   0.466488   0.481825   0.437076   0.474012   0.487208   0.457897   0.481922   0.491504   0.473824   0.488175   0.494548   0.484292   0.492528   0.496608   0.490740   0.495405   0.497986   0.494639   0.497278   0.498912   0.497005   0.498498   0.499538   0.498458   0.499300   0.499966   0.499360   0.499831   0.500261   0.499926   0.500186   0.500465   0.500281   0.500424   0.500607   0.500501   0.500584
   0.569400   0.501019   0.500589   0.500682   0.501500   0.500825   0.500970   0.502236   0.501154   0.501382   0.503364   0.501611   0.501976   0.505107   0.502252   0.502831   0.507818   0.503152   0.504068   0.512044   0.504411   0.505849   0.518558   0.506154   0.508379   0.528240   0.508492   0.511852   0.541491   0.511425   0.516289   0.556947   0.514642   0.521213   0.570304   0.517333   0.525357   0.484017   0.425680   0.476144   0.486561   0.439929   0.480085   0.489627   0.456459   0.484805   0.492448   0.470653   0.489096   0.494717   0.481027   0.492486   0.496421   0.488003   0.494975   0.497662   0.492526   0.496738   0.498554   0.495426   0.497971   0.499193   0.497292   0.498829   0.499652   0.498500   0.499427   0.499984   0.499289   0.499846   0.500224   0.499807   0.500141   0.500398   0.500147   0.500348
   0.570700   0.502115   0.501044   0.501250   0.503037   0.501387   0.501698   0.504403   0.501846   0.502316   0.506435   0.502462   0.503169   0.509463   0.503283   0.504337   0.513950   0.504366   0.505921   0.520455   0.505762   0.508014   0.529452   0.507484   0.510654   0.540821   0.509452   0.513724   0.553075   0.511410   0.516817   0.563003   0.512916   0.519215   0.488272   0.431702   0.482094   0.489704   0.442754   0.484385   0.491576   0.456343   0.487358   0.493469   0.468886   0.490326   0.495138   0.478754   0.492896   0.496498   0.485849   0.494946   0.497560   0.490719   0.496505   0.498369   0.493993   0.497663   0.498979   0.496184   0.498511   0.499436   0.497654   0.499129   0.499779   0.498645   0.499580   0.500037   0.499317   0.499909
   0.572000   0.502709   0.501202   0.501463   0.503786   0.501542   0.501922   0.505336   0.501982   0.502532   0.507568   0.502550   0.503340   0.510771   0.503275   0.504399   0.515313   0.504183   0.505761   0.521574   0.505288   0.507456   0.529758   0.506567   0.509458   0.539509   0.507929   0.511628   0.549461   0.509198   0.513674   0.557191   0.510121   0.515175   0.490975   0.436405   0.486019   0.491857   0.445394   0.487460   0.493073   0.456866   0.489430   0.494386   0.467984   0.491530   0.495623   0.477209   0.493476   0.496699   0.484193   0.495132   0.497587   0.489213   0.496469   0.498298   0.492728   0.497513   0.498858   0.495163   0.498314   0.499295   0.496846   0.498921   0.499633   0.498012   0.499379
   0.573300   0.504470   0.501638   0.502071   0.506154   0.502049   0.502654   0.508509   0.502561   0.503398   0.511780   0.503190   0.504335   0.516244   0.503946   0.505488   0.522144   0.504822   0.506854   0.529515   0.505785   0.508385   0.537909   0.506761   0.509960   0.546136   0.507626   0.511375   0.552333   0.508233   0.512375   0.492806   0.440313   0.488747   0.493388   0.447845   0.489709   0.494220   0.457714   0.491074   0.495161   0.467626   0.492599   0.496094   0.476188   0.494087   0.496946   0.482938   0.495421   0.497683   0.487978   0.496550   0.498300   0.491630   0.497472   0.498803   0.494238   0.498207   0.499209   0.496089   0.498784   0.499533   0.497403   0.499233
   0.574600   0.506857   0.502070   0.502707   0.509275   0.502525   0.503381   0.512534   0.503067   0.504200   0.516840   0.503695   0.505170   0.522331   0.504395   0.506275   0.528941   0.505135   0.507462   0.536199   0.505855   0.508635   0.543090   0.506472   0.509651   0.548159   0.506892   0.510350   0.494109   0.443692   0.490722   0.494514   0.450127   0.491396   0.495108   0.458734   0.492378   0.495803   0.467619   0.493515   0.496520   0.475543   0.494669   0.497201   0.481999   0.495747   0.497814   0.486975   0.496696   0.498344   0.490689   0.497501   0.498791   0.493411   0.498164   0.499163   0.495390   0.498701
   0.575900   0.509884   0.502462   0.503317   0.513079   0.502928   0.504029   0.517181   0.503452   0.504846   0.522253   0.504017   0.505745   0.528169   0.504596   0.506680   0.534474   0.505142   0.507575   0.540304   0.505597   0.508328   0.544511   0.505902   0.508836   0.495074   0.446687   0.492200   0.495368   0.452261   0.492691   0.495807   0.459840   0.493421   0.496335   0.467845   0.494288   0.496896   0.475172   0.495198   0.497447   0.481308   0.496075   0.497957   0.486168   0.496874   0.498413   0.489888   0.497572   0.498808   0.492679   0.498166
   0.577200   0.517327   0.503225   0.504534   0.521991   0.503687   0.505273   0.527285   0.504148   0.506020   0.532785   0.504572   0.506716   0.537760   0.504918   0.507291   0.541291   0.505146   0.507672   0.495811   0.449387   0.493338   0.496031   0.454262   0.493707   0.496366   0.460987   0.494264   0.496777   0.468227   0.494941   0.497224   0.475003   0.495668   0.497674   0.480814   0.496389   0.498102   0.485524   0.497063
   0.578500   0.521604   0.503400   0.504855   0.526345   0.503773   0.505461   0.531162   0.504109   0.506014   0.535436   0.504379   0.506462   0.538427   0.504555   0.506756   0.496388   0.451846   0.494234   0.496558   0.456143   0.494519   0.496820   0.462145   0.494955   0.497146   0.468715   0.495492   0.497508   0.474986   0.496082   0.497880   0.480474   0.496680
   0.579800   0.533313   0.503943   0.505789   0.535867   0.504082   0.506020   0.496851   0.454103   0.494954   0.496985   0.457914   0.495179   0.497194   0.463295   0.495526   0.497458   0.469275   0.495961
   0.581100
   0.582400
   0.583700
   0.585000
   0.586300
   0.587600
   0.588900
   0.590200
   0.591500
   0.592800
   0.594100
   0.595400
   0.596700
   0.598000
   0.599300
   0.600600
   0.601900
   0.603200
   0.604500
   0.605800
   0.607100
   0.608400
   0.609700
   0.611000
   0.612300
   0.613600
   0.614900
   0.616200
   0.617500
   0.618800
   0.620100
   0.621400
   0.622700
   0.624000
   0.625300
   0.626600
   0.627900
   0.629200
   0.630500
   0.631800
   0.633100
   0.634400
   0.635700
   0.637000
   0.638300
   0.639600
   0.640900
   0.642200
   0.643500
   0.644800
   0.646100
   0.647400
   0.648700
   0.650000
