  -0.650000
  -0.648700
  -0.647400
  -0.646100
  -0.644800
  -0.643500
  -0.642200
  -0.640900
  -0.639600
  -0.638300
  -0.637000
  -0.635700
  -0.634400
  -0.633100
  -0.631800
  -0.630500
  -0.629200
  -0.627900
  -0.626600
  -0.625300
  -0.624000
  -0.622700
  -0.621400
  -0.620100
  -0.618800
  -0.617500
  -0.616200
  -0.614900
  -0.613600
  -0.612300
  -0.611000
  -0.609700
  -0.608400
  -0.607100
  -0.605800
  -0.604500
  -0.603200
  -0.601900
  -0.600600
  -0.599300
  -0.598000
  -0.596700
  -0.595400
  -0.594100
  -0.592800
  -0.591500
  -0.590200
  -0.588900
  -0.587600
  -0.586300
  -0.585000
  -0.583700
  -0.582400
  -0.581100   0.035031   0.054597   0.054699   0.054866
  -0.579800   0.035197   0.035431   0.035601   0.035704   0.053892   0.053997   0.054170   0.054409   0.054710
  -0.578500   0.035177   0.035541   0.035846   0.036088   0.036264   0.036371   0.053193   0.053302   0.053481   0.053728   0.054039   0.054408   0.054834
  -0.577200   0.035366   0.035795   0.036169   0.036485   0.036736   0.036920   0.037031   0.052501   0.052615   0.052801   0.053057   0.053378   0.053759   0.054196   0.054683
  -0.575900   0.035468   0.035958   0.036399   0.036786   0.037113   0.037375   0.037566   0.037683   0.051818   0.051937   0.052131   0.052397   0.052730   0.053124   0.053573   0.054072   0.054617
  -0.574600   0.035482   0.036028   0.036531   0.036986   0.037386   0.037726   0.038000   0.038200   0.038323   0.051146   0.051271   0.051474   0.051752   0.052098   0.052505   0.052968   0.053480   0.054036   0.054633
  -0.573300   0.035415   0.036010   0.036568   0.037084   0.037552   0.037968   0.038322   0.038609   0.038820   0.038949   0.050489   0.050620   0.050834   0.051125   0.051485   0.051907   0.052384   0.052909   0.053477   0.054084   0.054726
  -0.572000   0.035269   0.035906   0.036512   0.037081   0.037610   0.038094   0.038525   0.038895   0.039196   0.039419   0.039556   0.049850   0.049989   0.050215   0.050521   0.050897   0.051334   0.051826   0.052364   0.052944   0.053561   0.054211   0.054892
  -0.570700   0.035053   0.035725   0.036369   0.036983   0.037563   0.038105   0.038604   0.039051   0.039438   0.039755   0.039991   0.040137   0.049238   0.049386   0.049625   0.049946   0.050339   0.050793   0.051300   0.051851   0.052442   0.053067   0.053724   0.054410
  -0.569400   0.035473   0.036147   0.036796   0.037417   0.038007   0.038561   0.039074   0.039538   0.039942   0.040276   0.040526   0.040681   0.048662   0.048820   0.049073   0.049411   0.049821   0.050292   0.050812   0.051376   0.051976   0.052608   0.053270   0.053959   0.054673
  -0.568100   0.035158   0.035857   0.036532   0.037183   0.037809   0.038406   0.038969   0.039495   0.039973   0.040393   0.040743   0.041007   0.041171   0.048141   0.048308   0.048575   0.048929   0.049355   0.049840   0.050373   0.050946   0.051553   0.052190   0.052854   0.053543   0.054257   0.054994
  -0.566800   0.035506   0.036201   0.036873   0.037524   0.038150   0.038749   0.039319   0.039852   0.040341   0.040775   0.041137   0.041411   0.041582   0.047699   0.047872   0.048150   0.048517   0.048956   0.049452   0.049993   0.050571   0.051181   0.051819   0.052482   0.053168   0.053878   0.054610
  -0.565500   0.035105   0.035813   0.036499   0.037165   0.037810   0.038431   0.039028   0.039597   0.040132   0.040625   0.041065   0.041433   0.041710   0.041878   0.047372   0.047543   0.047824   0.048197   0.048641   0.049141   0.049684   0.050262   0.050869   0.051502   0.052159   0.052838   0.053540   0.054264
  -0.564200   0.035378   0.036073   0.036748   0.037402   0.038034   0.038645   0.039231   0.039791   0.040318   0.040805   0.041239   0.041603   0.041871   0.042024   0.047196   0.047352   0.047624   0.047991   0.048431   0.048924   0.049459   0.050027   0.050624   0.051246   0.051891   0.052559   0.053249   0.053960   0.054694
  -0.562900   0.035605   0.036283   0.036940   0.037576   0.038191   0.038782   0.039350   0.039889   0.040396   0.040863   0.041278   0.041623   0.041875   0.042013   0.047181   0.047319   0.047573   0.047922   0.048342   0.048815   0.049330   0.049878   0.050455   0.051058   0.051685   0.052335   0.053007   0.053702   0.054419
  -0.561600   0.035103   0.035782   0.036439   0.037073   0.037685   0.038273   0.038837   0.039375   0.039884   0.040358   0.040789   0.041168   0.041476   0.041693   0.041921   0.047256   0.047467   0.047687   0.048000   0.048384   0.048822   0.049304   0.049821   0.050369   0.050945   0.051546   0.052171   0.052821   0.053494   0.054190   0.054911
  -0.560300   0.035253   0.035907   0.036536   0.037142   0.037722   0.038278   0.038806   0.039306   0.039772   0.040202   0.040586   0.040915   0.041174   0.041345   0.041823   0.047340   0.047783   0.047957   0.048221   0.048556   0.048946   0.049383   0.049859   0.050369   0.050909   0.051477   0.052071   0.052692   0.053338   0.054009   0.054706
  -0.559000   0.035352   0.035976   0.036573   0.037144   0.037688   0.038204   0.038689   0.039143   0.039561   0.039938   0.040269   0.040545   0.040754   0.040887   0.041725   0.047424   0.048209   0.048345   0.048559   0.048840   0.049178   0.049563   0.049990   0.050454   0.050951   0.051480   0.052037   0.052624   0.053237   0.053879   0.054547
  -0.557700   0.035399   0.035988   0.036549   0.037081   0.037582   0.038053   0.038491   0.038894   0.039260   0.039584   0.039862   0.040088   0.040256   0.040360   0.041626   0.047508   0.048706   0.048812   0.048984   0.049216   0.049500   0.049832   0.050207   0.050621   0.051071   0.051554   0.052070   0.052617   0.053194   0.053801   0.054437
  -0.556400   0.035393   0.035944   0.036463   0.036952   0.037408   0.037830   0.038219   0.038571   0.038885   0.039158   0.039388   0.039571   0.039705   0.039787   0.041528   0.047592   0.049248   0.049332   0.049470   0.049659   0.049895   0.050176   0.050499   0.050862   0.051262   0.051697   0.052168   0.052671   0.053207   0.053776   0.054376
  -0.555100   0.035333   0.035842   0.036318   0.036761   0.037169   0.037543   0.037881   0.038184   0.038449   0.038677   0.038865   0.039013   0.039119   0.039183   0.041430   0.047676   0.049821   0.049888   0.049998   0.050151   0.050346   0.050581   0.050855   0.051168   0.051518   0.051905   0.052327   0.052785   0.053277   0.053804   0.054365   0.054961
  -0.553800   0.035221   0.035686   0.036117   0.036512   0.036873   0.037198   0.037489   0.037745   0.037966   0.038153   0.038305   0.038424   0.038508   0.038559   0.041332   0.047760   0.050415   0.050468   0.050556   0.050680   0.050838   0.051033   0.051263   0.051529   0.051832   0.052170   0.052545   0.052955   0.053402   0.053885   0.054405   0.054960
  -0.552500   0.035058   0.035479   0.035863   0.036211   0.036525   0.036804   0.037050   0.037264   0.037446   0.037598   0.037720   0.037814   0.037881   0.037920   0.041234   0.047845   0.051024   0.051066   0.051136   0.051234   0.051363   0.051522   0.051713   0.051937   0.052195   0.052487   0.052814   0.053178   0.053579   0.054017   0.054493
  -0.551200   0.035222   0.035561   0.035864   0.036133   0.036369   0.036574   0.036749   0.036897   0.037018   0.037115   0.037189   0.037241   0.037271   0.041136   0.047929   0.051643   0.051675   0.051731   0.051809   0.051912   0.052041   0.052197   0.052383   0.052599   0.052848   0.053131   0.053449   0.053804   0.054197   0.054628
  -0.549900   0.035216   0.035475   0.035702   0.035899   0.036066   0.036208   0.036325   0.036421   0.036496   0.036552   0.036592   0.036615   0.041038   0.048013   0.052269   0.052294   0.052337   0.052398   0.052479   0.052582   0.052708   0.052860   0.053039   0.053248   0.053489   0.053763   0.054074   0.054422   0.054808
  -0.548600   0.035051   0.035239   0.035399   0.035534   0.035645   0.035736   0.035809   0.035866   0.035908   0.035937   0.035953   0.040940   0.048097   0.052900   0.052919   0.052952   0.052998   0.053061   0.053141   0.053240   0.053362   0.053508   0.053680   0.053882   0.054116   0.054384   0.054688
  -0.547300   0.035066   0.035133   0.035186   0.035227   0.035256   0.035276   0.035288   0.040842   0.048181   0.053536   0.053550   0.053573   0.053607   0.053653   0.053714   0.053790   0.053885   0.054001   0.054140   0.054306   0.054502   0.054729   0.054991
  -0.546000   0.040744   0.048265   0.054174   0.054183   0.054199   0.054222   0.054254   0.054298   0.054353   0.054425   0.054514   0.054623   0.054757   0.054917
  -0.544700   0.040646   0.048349   0.054815   0.054820   0.054829   0.054842   0.054862   0.054890   0.054928   0.054978
  -0.543400   0.040548   0.048433
  -0.542100   0.040450   0.048517
  -0.540800   0.040352   0.048601
  -0.539500   0.040255   0.048685
  -0.538200   0.040157   0.048769
  -0.536900   0.040059   0.048853
  -0.535600   0.039962   0.048937
  -0.534300   0.039864   0.049021
  -0.533000   0.039767   0.049105
  -0.531700   0.039669   0.049188
  -0.530400   0.039572   0.049272
  -0.529100   0.039474   0.049356
  -0.527800   0.039377   0.049440
  -0.526500   0.039280   0.049524
  -0.525200   0.039183   0.049607
  -0.523900   0.039086   0.049691
  -0.522600   0.038989   0.049775
  -0.521300   0.038892   0.049858
  -0.520000   0.038795   0.049942
  -0.518700   0.038698   0.050025
  -0.517400   0.038601   0.050109
  -0.516100   0.038504   0.050193
  -0.514800   0.038408   0.050276
  -0.513500   0.038311   0.050359
  -0.512200   0.038215   0.050443
  -0.510900   0.038118   0.050526
  -0.509600   0.038022   0.050610
  -0.508300   0.037925   0.050693
  -0.507000   0.037829   0.050776
  -0.505700   0.037733   0.050859
  -0.504400   0.037637   0.050942
  -0.503100   0.037541   0.051026
  -0.501800   0.037445   0.051109
  -0.500500   0.037349   0.051192
  -0.499200   0.037253   0.051275
  -0.497900   0.037157   0.051358
  -0.496600   0.037061   0.051441
  -0.495300   0.036966   0.051523
  -0.494000   0.036870   0.051606
  -0.492700   0.036775   0.051689
  -0.491400   0.036680   0.051772
  -0.490100   0.036584   0.051854
  -0.488800   0.036489   0.051937
  -0.487500   0.036394   0.052019
  -0.486200   0.036299   0.052102
  -0.484900   0.036204   0.052184
  -0.483600   0.036109   0.052267
  -0.482300   0.036014   0.052349
  -0.481000   0.035920   0.052431
  -0.479700   0.035825   0.052513
  -0.478400   0.035731   0.052596
  -0.477100   0.035636   0.052678
  -0.475800   0.035542   0.052760
  -0.474500   0.035448   0.052842
  -0.473200   0.035354   0.052923
  -0.471900   0.035260   0.053005
  -0.470600   0.035166   0.053087
  -0.469300   0.035072   0.053169
  -0.468000   0.053250
  -0.466700   0.053332
  -0.465400   0.053413
  -0.464100   0.053495
  -0.462800   0.053576
  -0.461500   0.053657
  -0.460200   0.053739
  -0.458900   0.053820
  -0.457600   0.053901
  -0.456300   0.053982
  -0.455000   0.054063
  -0.453700   0.054144
  -0.452400   0.054224
  -0.451100   0.054305
  -0.449800   0.054386
  -0.448500   0.054466
  -0.447200   0.054546
  -0.445900   0.054627
  -0.444600   0.054707
  -0.443300   0.054787
  -0.442000   0.054867
  -0.440700   0.054947
  -0.439400
  -0.438100
  -0.436800
  -0.435500
  -0.434200
  -0.432900
  -0.431600
  -0.430300
  -0.429000
  -0.427700
  -0.426400
  -0.425100
  -0.423800
  -0.422500
  -0.421200
  -0.419900
  -0.418600
  -0.417300
  -0.416000
  -0.414700
  -0.413400
  -0.412100
  -0.410800
  -0.409500
  -0.408200
  -0.406900
  -0.405600
  -0.404300
  -0.403000
  -0.401700
  -0.400400
  -0.399100
  -0.397800
  -0.396500
  -0.395200
  -0.393900
  -0.392600
  -0.391300
  -0.390000
  -0.388700
  -0.387400
  -0.386100
  -0.384800
  -0.383500
  -0.382200
  -0.380900
  -0.379600
  -0.378300
  -0.377000
  -0.375700
  -0.374400
  -0.373100
  -0.371800
  -0.370500
  -0.369200
  -0.367900
  -0.366600
  -0.365300
  -0.364000
  -0.362700
  -0.361400
  -0.360100
  -0.358800
  -0.357500
  -0.356200
  -0.354900
  -0.353600
  -0.352300
  -0.351000
  -0.349700
  -0.348400
  -0.347100
  -0.345800
  -0.344500
  -0.343200
  -0.341900
  -0.340600
  -0.339300
  -0.338000
  -0.336700
  -0.335400
  -0.334100
  -0.332800
  -0.331500
  -0.330200
  -0.328900
  -0.327600
  -0.326300
  -0.325000
  -0.323700
  -0.322400
  -0.321100
  -0.319800
  -0.318500
  -0.317200
  -0.315900
  -0.314600
  -0.313300
  -0.312000
  -0.310700
  -0.309400
  -0.308100
  -0.306800
  -0.305500
  -0.304200
  -0.302900
  -0.301600
  -0.300300
  -0.299000
  -0.297700
  -0.296400
  -0.295100
  -0.293800
  -0.292500
  -0.291200
  -0.289900
  -0.288600
  -0.287300
  -0.286000
  -0.284700
  -0.283400
  -0.282100
  -0.280800
  -0.279500
  -0.278200
  -0.276900
  -0.275600
  -0.274300
  -0.273000
  -0.271700
  -0.270400
  -0.269100
  -0.267800
  -0.266500
  -0.265200
  -0.263900
  -0.262600
  -0.261300
  -0.260000
  -0.258700
  -0.257400
  -0.256100
  -0.254800
  -0.253500
  -0.252200
  -0.250900
  -0.249600
  -0.248300
  -0.247000
  -0.245700
  -0.244400
  -0.243100
  -0.241800
  -0.240500
  -0.239200
  -0.237900
  -0.236600
  -0.235300
  -0.234000
  -0.232700
  -0.231400
  -0.230100
  -0.228800
  -0.227500
  -0.226200
  -0.224900
  -0.223600
  -0.222300
  -0.221000
  -0.219700
  -0.218400
  -0.217100
  -0.215800
  -0.214500
  -0.213200
  -0.211900
  -0.210600
  -0.209300
  -0.208000
  -0.206700
  -0.205400
  -0.204100
  -0.202800
  -0.201500
  -0.200200
  -0.198900
  -0.197600
  -0.196300
  -0.195000
  -0.193700
  -0.192400
  -0.191100
  -0.189800
  -0.188500
  -0.187200
  -0.185900
  -0.184600
  -0.183300
  -0.182000
  -0.180700
  -0.179400
  -0.178100
  -0.176800
  -0.175500
  -0.174200
  -0.172900
  -0.171600
  -0.170300
  -0.169000
  -0.167700
  -0.166400
  -0.165100
  -0.163800
  -0.162500
  -0.161200
  -0.159900
  -0.158600
  -0.157300
  -0.156000
  -0.154700
  -0.153400
  -0.152100
  -0.150800
  -0.149500
  -0.148200
  -0.146900
  -0.145600
  -0.144300
  -0.143000
  -0.141700
  -0.140400
  -0.139100
  -0.137800
  -0.136500
  -0.135200
  -0.133900
  -0.132600
  -0.131300
  -0.130000
  -0.128700
  -0.127400
  -0.126100
  -0.124800
  -0.123500
  -0.122200
  -0.120900
  -0.119600
  -0.118300
  -0.117000
  -0.115700
  -0.114400
  -0.113100
  -0.111800
  -0.110500
  -0.109200
  -0.107900
  -0.106600
  -0.105300
  -0.104000
  -0.102700
  -0.101400
  -0.100100
  -0.098800
  -0.097500
  -0.096200
  -0.094900
  -0.093600
  -0.092300
  -0.091000
  -0.089700
  -0.088400
  -0.087100
  -0.085800
  -0.084500
  -0.083200
  -0.081900
  -0.080600
  -0.079300
  -0.078000
  -0.076700
  -0.075400
  -0.074100
  -0.072800
  -0.071500
  -0.070200
  -0.068900
  -0.067600
  -0.066300
  -0.065000
  -0.063700
  -0.062400
  -0.061100
  -0.059800
  -0.058500
  -0.057200
  -0.055900
  -0.054600
  -0.053300
  -0.052000
  -0.050700
  -0.049400
  -0.048100
  -0.046800
  -0.045500
  -0.044200
  -0.042900
  -0.041600
  -0.040300
  -0.039000
  -0.037700
  -0.036400
  -0.035100
  -0.033800
  -0.032500
  -0.031200
  -0.029900
  -0.028600
  -0.027300
  -0.026000
  -0.024700
  -0.023400
  -0.022100
  -0.020800
  -0.019500
  -0.018200
  -0.016900
  -0.015600
  -0.014300
  -0.013000
  -0.011700
  -0.010400
  -0.009100
  -0.007800
  -0.006500
  -0.005200
  -0.003900
  -0.002600
  -0.001300
   0.000000
   0.001300
   0.002600
   0.003900
   0.005200
   0.006500
   0.007800
   0.009100
   0.010400
   0.011700
   0.013000
   0.014300
   0.015600
   0.016900
   0.018200
   0.019500
   0.020800
   0.022100
   0.023400
   0.024700
   0.026000
   0.027300
   0.028600
   0.029900
   0.031200
   0.032500
   0.033800
   0.035100
   0.036400
   0.037700
   0.039000
   0.040300
   0.041600
   0.042900
   0.044200
   0.045500
   0.046800
   0.048100
   0.049400
   0.050700
   0.052000
   0.053300
   0.054600
   0.055900
   0.057200
   0.058500
   0.059800
   0.061100
   0.062400
   0.063700
   0.065000
   0.066300
   0.067600
   0.068900
   0.070200
   0.071500
   0.072800
   0.074100
   0.075400
   0.076700
   0.078000
   0.079300
   0.080600
   0.081900
   0.083200
   0.084500
   0.085800
   0.087100
   0.088400
   0.089700
   0.091000
   0.092300
   0.093600
   0.094900
   0.096200
   0.097500
   0.098800
   0.100100
   0.101400
   0.102700
   0.104000
   0.105300
   0.106600
   0.107900
   0.109200
   0.110500
   0.111800
   0.113100
   0.114400
   0.115700
   0.117000
   0.118300
   0.119600
   0.120900
   0.122200
   0.123500
   0.124800
   0.126100
   0.127400
   0.128700
   0.130000
   0.131300
   0.132600
   0.133900
   0.135200
   0.136500
   0.137800
   0.139100
   0.140400
   0.141700
   0.143000
   0.144300
   0.145600
   0.146900
   0.148200
   0.149500
   0.150800
   0.152100
   0.153400
   0.154700
   0.156000
   0.157300
   0.158600
   0.159900
   0.161200
   0.162500
   0.163800
   0.165100
   0.166400
   0.167700
   0.169000
   0.170300
   0.171600
   0.172900
   0.174200
   0.175500
   0.176800
   0.178100
   0.179400
   0.180700
   0.182000
   0.183300
   0.184600
   0.185900
   0.187200
   0.188500
   0.189800
   0.191100
   0.192400
   0.193700
   0.195000
   0.196300
   0.197600
   0.198900
   0.200200
   0.201500
   0.202800
   0.204100
   0.205400
   0.206700
   0.208000
   0.209300
   0.210600
   0.211900
   0.213200
   0.214500
   0.215800
   0.217100
   0.218400
   0.219700
   0.221000
   0.222300
   0.223600
   0.224900
   0.226200
   0.227500
   0.228800
   0.230100
   0.231400
   0.232700
   0.234000
   0.235300
   0.236600
   0.237900
   0.239200
   0.240500
   0.241800
   0.243100
   0.244400
   0.245700
   0.247000
   0.248300
   0.249600
   0.250900
   0.252200
   0.253500
   0.254800
   0.256100
   0.257400
   0.258700
   0.260000
   0.261300
   0.262600
   0.263900
   0.265200
   0.266500
   0.267800
   0.269100
   0.270400
   0.271700
   0.273000
   0.274300
   0.275600
   0.276900
   0.278200
   0.279500
   0.280800
   0.282100
   0.283400
   0.284700
   0.286000
   0.287300
   0.288600
   0.289900
   0.291200
   0.292500
   0.293800
   0.295100
   0.296400
   0.297700
   0.299000
   0.300300
   0.301600
   0.302900
   0.304200
   0.305500
   0.306800
   0.308100
   0.309400
   0.310700
   0.312000
   0.313300
   0.314600
   0.315900
   0.317200
   0.318500
   0.319800
   0.321100
   0.322400
   0.323700
   0.325000
   0.326300
   0.327600
   0.328900
   0.330200
   0.331500
   0.332800
   0.334100
   0.335400
   0.336700
   0.338000
   0.339300
   0.340600
   0.341900
   0.343200
   0.344500
   0.345800
   0.347100
   0.348400
   0.349700
   0.351000
   0.352300
   0.353600
   0.354900
   0.356200
   0.357500
   0.358800
   0.360100
   0.361400
   0.362700
   0.364000
   0.365300
   0.366600
   0.367900
   0.369200
   0.370500
   0.371800
   0.373100
   0.374400
   0.375700
   0.377000
   0.378300
   0.379600
   0.380900
   0.382200
   0.383500
   0.384800
   0.386100
   0.387400
   0.388700
   0.390000
   0.391300
   0.392600
   0.393900
   0.395200
   0.396500
   0.397800
   0.399100
   0.400400
   0.401700
   0.403000
   0.404300
   0.405600
   0.406900
   0.408200
   0.409500
   0.410800
   0.412100
   0.413400
   0.414700
   0.416000
   0.417300
   0.418600
   0.419900
   0.421200
   0.422500
   0.423800
   0.425100
   0.426400
   0.427700
   0.429000
   0.430300
   0.431600
   0.432900
   0.434200
   0.435500
   0.436800
   0.438100
   0.439400
   0.440700
   0.442000
   0.443300
   0.444600
   0.445900   0.054890
   0.447200   0.054770
   0.448500   0.054648
   0.449800   0.054527
   0.451100   0.054405
   0.452400   0.054282
   0.453700   0.054159
   0.455000   0.054036
   0.456300   0.053912
   0.457600   0.053788
   0.458900   0.053663
   0.460200   0.053538
   0.461500   0.053412
   0.462800   0.053286
   0.464100   0.053159
   0.465400   0.053032
   0.466700   0.035140   0.052905
   0.468000   0.035282   0.052777
   0.469300   0.035424   0.052648
   0.470600   0.035567   0.052519
   0.471900   0.035710   0.052390
   0.473200   0.035854   0.052260
   0.474500   0.035998   0.052130
   0.475800   0.036142   0.052000
   0.477100   0.036288   0.051868
   0.478400   0.036433   0.051737
   0.479700   0.036579   0.051605
   0.481000   0.036726   0.051472
   0.482300   0.036873   0.051339
   0.483600   0.037021   0.051206
   0.484900   0.037169   0.051072
   0.486200   0.037318   0.050938
   0.487500   0.037467   0.050803
   0.488800   0.037617   0.050668
   0.490100   0.037767   0.050532
   0.491400   0.037918   0.050396
   0.492700   0.038069   0.050259
   0.494000   0.038221   0.050122
   0.495300   0.038373   0.049985
   0.496600   0.038526   0.049847
   0.497900   0.038679   0.049708
   0.499200   0.038833   0.049569
   0.500500   0.038988   0.049430
   0.501800   0.039142   0.049290
   0.503100   0.039298   0.049150
   0.504400   0.039454   0.049009
   0.505700   0.039610   0.048868
   0.507000   0.039767   0.048726
   0.508300   0.039924   0.048584
   0.509600   0.040082   0.048441
   0.510900   0.040241   0.048298
   0.512200   0.040400   0.048155
   0.513500   0.040559   0.048011
   0.514800   0.040719   0.047866
   0.516100   0.040880   0.047721
   0.517400   0.041041   0.047576
   0.518700   0.041203   0.047430
   0.520000   0.041365   0.047284
   0.521300   0.041527   0.047137
   0.522600   0.041690   0.046989
   0.523900   0.041854   0.046842
   0.525200   0.042018   0.046694
   0.526500   0.042183   0.046545
   0.527800   0.042348   0.046396
   0.529100   0.042514   0.046246
   0.530400   0.042680   0.046096
   0.531700   0.042847   0.045945
   0.533000   0.043014   0.045794
   0.534300   0.043182   0.045643
   0.535600   0.043351   0.045491
   0.536900   0.043520   0.045339
   0.538200   0.043689   0.045186
   0.539500   0.043859   0.045032
   0.540800   0.044029   0.044879
   0.542100   0.044200   0.044724
   0.543400   0.044372   0.044569
   0.544700   0.044414   0.044544   0.054385   0.054391   0.054401   0.054416   0.054438   0.054469   0.054511   0.054565   0.054635   0.054724   0.054835   0.054971
   0.546000   0.035009   0.035030   0.035043   0.035051   0.044258   0.044717   0.053743   0.053753   0.053770   0.053795   0.053830   0.053877   0.053937   0.054014   0.054109   0.054226   0.054368   0.054537   0.054738   0.054971
   0.547300   0.035140   0.035275   0.035387   0.035479   0.035552   0.035610   0.035654   0.035686   0.035708   0.035721   0.044102   0.044890   0.053103   0.053118   0.053143   0.053180   0.053230   0.053295   0.053377   0.053478   0.053601   0.053749   0.053925   0.054131   0.054371   0.054645   0.054958
   0.548600   0.035191   0.035422   0.035621   0.035792   0.035935   0.036055   0.036152   0.036231   0.036292   0.036337   0.036369   0.036387   0.043946   0.045063   0.052467   0.052487   0.052522   0.052572   0.052639   0.052725   0.052831   0.052960   0.053115   0.053298   0.053511   0.053757   0.054038   0.054355   0.054712
   0.549900   0.035252   0.035560   0.035833   0.036073   0.036281   0.036460   0.036611   0.036737   0.036839   0.036920   0.036981   0.037024   0.037049   0.043788   0.045238   0.051835   0.051862   0.051908   0.051974   0.052061   0.052170   0.052305   0.052466   0.052656   0.052877   0.053130   0.053419   0.053743   0.054106   0.054507   0.054948
   0.551200   0.035144   0.035534   0.035888   0.036206   0.036489   0.036739   0.036957   0.037144   0.037301   0.037432   0.037536   0.037615   0.037671   0.037704   0.043631   0.045412   0.051210   0.051245   0.051304   0.051388   0.051498   0.051636   0.051803   0.052000   0.052229   0.052491   0.052788   0.053122   0.053492   0.053900   0.054347   0.054832
   0.552500   0.035332   0.035769   0.036169   0.036534   0.036863   0.037158   0.037419   0.037646   0.037840   0.038003   0.038135   0.038236   0.038308   0.038351   0.043473   0.045588   0.050593   0.050638   0.050713   0.050820   0.050957   0.051127   0.051331   0.051568   0.051840   0.052148   0.052491   0.052871   0.053288   0.053742   0.054233   0.054762
   0.553800   0.035471   0.035952   0.036399   0.036811   0.037189   0.037531   0.037839   0.038110   0.038347   0.038547   0.038711   0.038839   0.038930   0.038985   0.043314   0.045763   0.049989   0.050046   0.050141   0.050274   0.050444   0.050652   0.050897   0.051179   0.051498   0.051853   0.052245   0.052672   0.053136   0.053635   0.054170   0.054740
   0.555100   0.035556   0.036081   0.036573   0.037033   0.037459   0.037850   0.038207   0.038528   0.038810   0.039054   0.039256   0.039416   0.039531   0.039601   0.043155   0.045940   0.049403   0.049475   0.049594   0.049759   0.049968   0.050219   0.050511   0.050842   0.051210   0.051614   0.052054   0.052529   0.053038   0.053581   0.054157   0.054766
   0.556400   0.035586   0.036152   0.036687   0.037192   0.037665   0.038107   0.038514   0.038886   0.039219   0.039512   0.039759   0.039957   0.040103   0.040192   0.042996   0.046116   0.048843   0.048935   0.049084   0.049287   0.049541   0.049841   0.050184   0.050566   0.050985   0.051439   0.051926   0.052446   0.052998   0.053581   0.054195   0.054840
   0.557700   0.035562   0.036164   0.036739   0.037285   0.037804   0.038292   0.038749   0.039173   0.039560   0.039905   0.040203   0.040447   0.040630   0.040743   0.042836   0.046294   0.048323   0.048438   0.048625   0.048874   0.049179   0.049532   0.049928   0.050362   0.050830   0.051332   0.051864   0.052426   0.053017   0.053637   0.054285   0.054962
   0.559000   0.035483   0.036117   0.036727   0.037311   0.037869   0.038401   0.038904   0.039377   0.039816   0.040215   0.040568   0.040864   0.041091   0.041235   0.042675   0.046472   0.047861   0.048008   0.048239   0.048540   0.048900   0.049307   0.049755   0.050238   0.050753   0.051298   0.051870   0.052469   0.053095   0.053747   0.054425
   0.560300   0.035351   0.036013   0.036652   0.037267   0.037860   0.038428   0.038971   0.039487   0.039973   0.040422   0.040828   0.041178   0.041455   0.041637   0.042514   0.046650   0.047490   0.047675   0.047956   0.048312   0.048724   0.049182   0.049676   0.050203   0.050757   0.051338   0.051944   0.052575   0.053230   0.053910   0.054614
   0.561600   0.035168   0.035853   0.036515   0.037157   0.037776   0.038374   0.038949   0.039498   0.040021   0.040511   0.040960   0.041357   0.041682   0.041906   0.042353   0.046829   0.047252   0.047480   0.047810   0.048212   0.048668   0.049165   0.049697   0.050257   0.050843   0.051453   0.052086   0.052743   0.053422   0.054124   0.054849
   0.562900   0.035640   0.036322   0.036982   0.037622   0.038241   0.038838   0.039411   0.039958   0.040473   0.040950   0.041376   0.041732   0.041992   0.042191   0.047009   0.047200   0.047463   0.047823   0.048253   0.048737   0.049260   0.049815   0.050399   0.051007   0.051638   0.052292   0.052968   0.053665   0.054385
   0.564200   0.035379   0.036074   0.036749   0.037402   0.038035   0.038645   0.039231   0.039790   0.040317   0.040803   0.041237   0.041599   0.041865   0.042008   0.047214   0.047359   0.047627   0.047993   0.048432   0.048924   0.049459   0.050026   0.050623   0.051244   0.051889   0.052557   0.053246   0.053958   0.054691
   0.565500   0.035074   0.035778   0.036461   0.037123   0.037762   0.038379   0.038969   0.039530   0.040056   0.040539   0.040966   0.041320   0.041580   0.041730   0.047521   0.047674   0.047937   0.048295   0.048727   0.049216   0.049750   0.050320   0.050920   0.051548   0.052200   0.052876   0.053574   0.054294
   0.566800   0.035438   0.036125   0.036790   0.037432   0.038048   0.038636   0.039192   0.039710   0.040182   0.040595   0.040935   0.041186   0.041338   0.047943   0.048097   0.048352   0.048697   0.049115   0.049593   0.050119   0.050684   0.051282   0.051909   0.052564   0.053243   0.053945   0.054671
   0.568100   0.035058   0.035747   0.036412   0.037051   0.037663   0.038245   0.038791   0.039296   0.039752   0.040148   0.040473   0.040713   0.040861   0.048452   0.048601   0.048845   0.049174   0.049576   0.050038   0.050551   0.051107   0.051698   0.052321   0.052973   0.053652   0.054356
   0.569400   0.035331   0.035993   0.036628   0.037232   0.037804   0.038338   0.038829   0.039268   0.039647   0.039956   0.040184   0.040324   0.049020   0.049162   0.049393   0.049706   0.050091   0.050537   0.051035   0.051578   0.052160   0.052776   0.053424   0.054099   0.054802
   0.570700   0.035540   0.036167   0.036763   0.037324   0.037844   0.038320   0.038742   0.039105   0.039398   0.039614   0.039747   0.049628   0.049763   0.049982   0.050280   0.050647   0.051077   0.051560   0.052090   0.052661   0.053268   0.053908   0.054579
   0.572000   0.035056   0.035676   0.036262   0.036811   0.037318   0.037778   0.038185   0.038531   0.038811   0.039016   0.039141   0.050265   0.050392   0.050601   0.050884   0.051236   0.051650   0.052118   0.052634   0.053193   0.053791   0.054423
   0.573300   0.035158   0.035734   0.036270   0.036764   0.037210   0.037602   0.037935   0.038201   0.038396   0.038515   0.050922   0.051043   0.051241   0.051512   0.051850   0.052249   0.052703   0.053206   0.053753   0.054340   0.054964
   0.574600   0.035183   0.035708   0.036189   0.036621   0.037000   0.037319   0.037575   0.037761   0.037874   0.051595   0.051710   0.051899   0.052159   0.052484   0.052870   0.053310   0.053800   0.054335   0.054912
   0.575900   0.035126   0.035595   0.036015   0.036381   0.036690   0.036935   0.037114   0.037222   0.052279   0.052389   0.052571   0.052820   0.053134   0.053507   0.053935   0.054413   0.054937
   0.577200   0.035395   0.035750   0.036048   0.036285   0.036456   0.036561   0.052972   0.053078   0.053253   0.053494   0.053797   0.054159   0.054575
   0.578500   0.035108   0.035397   0.035626   0.035791   0.035892   0.053673   0.053775   0.053944   0.054177   0.054471   0.054822
   0.579800   0.035120   0.035217   0.054380   0.054478   0.054642   0.054868
   0.581100
   0.582400
   0.583700
   0.585000
   0.586300
   0.587600
   0.588900
   0.590200
   0.591500
   0.592800
   0.594100
   0.595400
   0.596700
   0.598000
   0.599300
   0.600600
   0.601900
   0.603200
   0.604500
   0.605800
   0.607100
   0.608400
   0.609700
   0.611000
   0.612300
   0.613600
   0.614900
   0.616200
   0.617500
   0.618800
   0.620100
   0.621400
   0.622700
   0.624000
   0.625300
   0.626600
   0.627900
   0.629200
   0.630500
   0.631800
   0.633100
   0.634400
   0.635700
   0.637000
   0.638300
   0.639600
   0.640900
   0.642200
   0.643500
   0.644800
   0.646100
   0.647400
   0.648700
   0.650000
