   2.450000   0.024944   0.029991   0.034831
   2.451750   0.025147   0.030000   0.034810
   2.453500   0.025359   0.030016   0.034796
   2.455250   0.025580   0.030040   0.034791
   2.457000   0.025809   0.030072   0.034794
   2.458750   0.026048   0.030113   0.034806
   2.460500   0.026297   0.030163   0.034827
   2.462250   0.026556   0.030222   0.034858
   2.464000   0.026826   0.030291   0.034900
   2.465750   0.027107   0.030372   0.034952
   2.467500   0.027400   0.030463   0.035017
   2.469250   0.027706   0.030567   0.035094
   2.471000   0.028026   0.030684   0.035183
   2.472750   0.028359   0.030815   0.035287
   2.474500   0.028707   0.030960   0.035406
   2.476250   0.029071   0.031122   0.035540
   2.478000   0.029451   0.031299   0.035691
   2.479750   0.029849   0.031495   0.035860
   2.481500   0.030266   0.031710   0.036048
   2.483250   0.958649   0.972099   0.948865   0.030702   0.031946   0.036256
   2.485000   0.958880   0.971937   0.949279   0.031160   0.032204   0.036486
   2.486750   0.959096   0.971750   0.949678   0.031640   0.032486   0.036740
   2.488500   0.959295   0.971538   0.950059   0.032144   0.032794   0.037019
   2.490250   0.959476   0.971297   0.950421   0.032674   0.033129   0.037325
   2.492000   0.959635   0.971026   0.950762   0.033231   0.033495   0.037660
   2.493750   0.959772   0.970722   0.951079   0.033818   0.033893   0.038026
   2.495500   0.959882   0.970382   0.951370   0.034438   0.034327   0.038427
   2.497250   0.959965   0.970002   0.951631   0.035091   0.034800   0.038865
   2.499000   0.960015   0.969580   0.951859   0.035782   0.035315   0.039343
   2.500750   0.960029   0.969110   0.952051   0.036513   0.035876   0.039865
   2.502500   0.960002   0.968588   0.952201   0.037288   0.036488   0.040435
   2.504250   0.959930   0.968008   0.952305   0.038111   0.037156   0.041057
   2.506000   0.959807   0.967365   0.952356   0.038986   0.037886   0.041737
   2.507750   0.959624   0.966652   0.952348   0.039919   0.038684   0.042482
   2.509500   0.959375   0.965860   0.952272   0.040915   0.039558   0.043296
   2.511250   0.959050   0.964980   0.952119   0.041981   0.040517   0.044189
   2.513000   0.958637   0.964001   0.951877   0.043124   0.041570   0.045170
   2.514750   0.958121   0.962909   0.951534   0.044353   0.042730   0.046248
   2.516500   0.957488   0.961688   0.951072   0.045679   0.044009   0.047436
   2.518250   0.956716   0.960321   0.950472   0.047114   0.045424   0.048748
   2.520000   0.955780   0.958784   0.949710   0.048672   0.046994   0.050201
   2.521750   0.954651   0.957050   0.948757   0.050370   0.048740   0.051814
   2.523500   0.953290   0.955082   0.947576   0.052228   0.050690   0.053613
   2.525250   0.951650   0.952839   0.946120   0.054271   0.052874   0.055625
   2.527000   0.949671   0.950263   0.944331   0.056530   0.055332   0.057885
   2.528750   0.947276   0.947286   0.942135   0.059040   0.058110   0.060435
   2.530500   0.944368   0.943813   0.939436   0.061849   0.061266   0.063330   0.550652   0.541108   0.543073
   2.532250   0.940822   0.939724   0.936111   0.065014   0.064870   0.066633   0.551310   0.542992   0.544736
   2.534000   0.936481   0.934857   0.932002   0.068610   0.069008   0.070426   0.551650   0.544966   0.546396
   2.535750   0.493446   0.478304   0.490252   0.931146   0.928999   0.926906   0.072731   0.073787   0.074812   0.551562   0.547015   0.548007
   2.537500   0.494239   0.481316   0.491436   0.924576   0.921870   0.920570   0.077501   0.079339   0.079920   0.550918   0.549106   0.549502
   2.539250   0.495795   0.485646   0.493523   0.916486   0.913103   0.912684   0.083082   0.085826   0.085912   0.549562   0.551189   0.550791
   2.541000   0.483758   0.467109   0.480088   0.498373   0.491519   0.496784   0.906568   0.902240   0.902894   0.089687   0.093439   0.092991   0.547321   0.553191   0.551747
   2.542750   0.485943   0.471290   0.482647   0.482894   0.465396   0.478973   0.502256   0.499084   0.501491   0.894526   0.888731   0.890827   0.097598   0.102401   0.101406   0.544014   0.555002   0.552209
   2.544500   0.485226   0.470315   0.481814   0.482003   0.463630   0.477815   0.507690   0.508342   0.507850   0.880143   0.871987   0.876153   0.107178   0.112961   0.111455   0.539472   0.556472   0.551974   0.495802   0.527590   0.517506
   2.546250   0.499301   0.488402   0.496361   0.484492   0.469388   0.480971   0.481107   0.461839   0.476633   0.514802   0.519067   0.515910   0.863372   0.851466   0.858672   0.118892   0.125367   0.123474   0.533574   0.557408   0.550808   0.492763   0.528034   0.516488
   2.548000   0.499388   0.498645   0.499192   0.497828   0.484243   0.494158   0.483759   0.468538   0.480137   0.480238   0.460072   0.475463   0.523485   0.530767   0.525461   0.844413   0.826827   0.838413   0.133304   0.139833   0.137817   0.526294   0.557578   0.548473   0.489562   0.528488   0.515331
   2.549750   0.501616   0.503717   0.502201   0.496019   0.479529   0.491599   0.483059   0.467811   0.479347   0.479455   0.458415   0.474369   0.533303   0.542703   0.535962   0.823741   0.798091   0.815687   0.151052   0.156480   0.154808   0.517755   0.556738   0.544770   0.486242   0.528979   0.514057
   2.551500   0.503928   0.507382   0.504946   0.494397   0.475720   0.489441   0.482452   0.467285   0.478662   0.478854   0.457011   0.473455   0.543456   0.553988   0.546555   0.802036   0.765746   0.791057   0.172775   0.175274   0.174670   0.508264   0.554680   0.539611   0.482861   0.529546   0.512703
   2.553250   0.505962   0.509332   0.507007   0.493323   0.473644   0.488127   0.482047   0.467087   0.478196   0.478587   0.456100   0.472897   0.552823   0.563713   0.556141   0.780029   0.730706   0.765203   0.198970   0.195983   0.197453   0.498319   0.551299   0.533088   0.479489   0.530242   0.511322   0.529929   0.509283   0.516938
   2.555000   0.507327   0.494601   0.503549   0.507724   0.510128   0.508505   0.492785   0.473051   0.487562   0.482053   0.467449   0.478158   0.478897   0.456076   0.472977   0.560035   0.571008   0.563483   0.758315   0.694141   0.738738   0.229816   0.218173   0.222987   0.488550   0.546671   0.525525   0.476208   0.531136   0.509984   0.531213   0.509446   0.517680   0.527831   0.509257   0.516280
   2.556750   0.505641   0.493929   0.502225   0.509374   0.510292   0.509684   0.492666   0.473431   0.487532   0.482846   0.468767   0.478928   0.480141   0.457549   0.474125   0.563543   0.574970   0.567226   0.737210   0.657245   0.712061   0.265002   0.241290   0.250890   0.479613   0.541088   0.517451   0.473109   0.532316   0.508775   0.532363   0.509474   0.518308   0.527024   0.508686   0.515859
   2.558500   0.504209   0.493928   0.501233   0.511049   0.510078   0.510699   0.492900   0.474460   0.487914   0.485077   0.471676   0.481147   0.482770   0.461380   0.476915   0.561695   0.574449   0.565885   0.716682   0.621044   0.685284   0.303656   0.264788   0.280652   0.472065   0.535037   0.509517   0.470292   0.533881   0.507797   0.533145   0.509249   0.518669   0.526515   0.508117   0.515568
   2.560250   0.503270   0.494709   0.500786   0.512836   0.509560   0.511613   0.493493   0.476006   0.488687   0.489649   0.476943   0.485681   0.487156   0.468501   0.481906   0.553147   0.567884   0.558036   0.696340   0.586299   0.658248   0.344442   0.288269   0.311747   0.466259   0.529110   0.502354   0.467866   0.535942   0.507159   0.533406   0.508679   0.518661   0.526581   0.507674   0.515588   0.533039   0.512317   0.520756
   2.562000   0.516798   0.507863   0.512977   0.502832   0.496299   0.500917   0.514779   0.508698   0.512414   0.494522   0.478061   0.489911   0.497266   0.484921   0.493123   0.493181   0.479337   0.489178   0.537975   0.553820   0.543231   0.675430   0.553488   0.630585   0.385782   0.311581   0.343726   0.462309   0.523897   0.496452   0.465939   0.538614   0.506978   0.533127   0.507721   0.518251   0.527407   0.507456   0.516056   0.535580   0.513499   0.522500
   2.563750   0.520658   0.509068   0.515508   0.502855   0.498829   0.501655   0.516885   0.507351   0.513020   0.496157   0.480707   0.491731   0.507342   0.494719   0.502780   0.499887   0.493076   0.497866   0.518905   0.532635   0.523438   0.652820   0.522796   0.601787   0.426145   0.334847   0.376238   0.460104   0.519878   0.492093   0.464621   0.542002   0.507365   0.532372   0.506361   0.517456   0.529151   0.507547   0.517083   0.534658   0.513245   0.522070
   2.565500   0.524308   0.510050   0.517744   0.503336   0.502713   0.503145   0.519095   0.505185   0.513221   0.498744   0.484144   0.494453   0.517378   0.504264   0.512306   0.505939   0.507897   0.506533   0.500577   0.507867   0.502982   0.626927   0.494101   0.571224   0.464293   0.358432   0.409002   0.459368   0.517382   0.489344   0.464012   0.546190   0.508416   0.531230   0.504608   0.516311   0.531870   0.507967   0.518687   0.530328   0.511454   0.519464   0.506504   0.500907   0.503502
   2.567250   0.527934   0.510823   0.519801   0.504408   0.509105   0.505878   0.521166   0.501327   0.512473   0.503112   0.488855   0.498790   0.523830   0.511551   0.518807   0.510555   0.522226   0.514206   0.487076   0.484509   0.486229   0.595582   0.466886   0.538092   0.499418   0.382868   0.441744   0.459720   0.516567   0.488087   0.464200   0.551222   0.510197   0.529795   0.502484   0.514860   0.535033   0.508455   0.520470   0.524388   0.508561   0.515600   0.508088   0.500924   0.504369
   2.569000   0.497594   0.494139   0.496469   0.532088   0.511245   0.521959   0.506841   0.521209   0.511602   0.521926   0.492960   0.508983   0.511784   0.496333   0.506881   0.522196   0.515012   0.519142   0.513630   0.535145   0.520609   0.481094   0.466516   0.476187   0.555882   0.440107   0.501236   0.531194   0.408760   0.474176   0.460731   0.517444   0.488072   0.465249   0.557080   0.512733   0.528170   0.500036   0.513166   0.537052   0.508292   0.521374   0.519314   0.505390   0.511930   0.510677   0.501752   0.506173
   2.570750   0.510651   0.508531   0.509662   0.516475   0.500999   0.510757   0.515322   0.537487   0.524056   0.515976   0.474739   0.498973   0.533758   0.511617   0.525949   0.503036   0.510641   0.506210   0.515409   0.545481   0.525643   0.484924   0.456779   0.475227   0.504279   0.411989   0.458905   0.559728   0.436689   0.506024   0.461966   0.519896   0.488959   0.467188   0.563676   0.515994   0.526480   0.497337   0.511310   0.536438   0.506826   0.520499   0.516502   0.502773   0.509555   0.514380   0.503511   0.509023
   2.572500   0.529305   0.512102   0.520343   0.504664   0.496469   0.501910   0.527663   0.528708   0.528149   0.509877   0.475518   0.497524   0.561912   0.528349   0.547476   0.483928   0.498092   0.489156   0.517379   0.551038   0.529621   0.500251   0.457905   0.485260   0.437908   0.379889   0.408862   0.585467   0.467132   0.537098   0.463003   0.523696   0.490349   0.470005   0.570832   0.519886   0.524838   0.494473   0.509373   0.533306   0.504038   0.517944   0.515635   0.500962   0.508516   0.519740   0.506595   0.513369
   2.574250   0.533061   0.512517   0.522034   0.504149   0.497640   0.501917   0.533252   0.520451   0.526678   0.510618   0.485891   0.501830   0.561089   0.530907   0.546887   0.490062   0.499079   0.493295   0.524619   0.549652   0.534581   0.524554   0.470662   0.504958   0.359133   0.340885   0.350166   0.609077   0.500405   0.567364   0.463452   0.528506   0.491810   0.473636   0.578281   0.524247   0.523234   0.491469   0.507357   0.528723   0.500284   0.514341   0.516001   0.499820   0.508435   0.527466   0.511455   0.519729
   2.576000   0.535157   0.512722   0.522802   0.504634   0.499238   0.502735   0.536966   0.515961   0.525684   0.513074   0.493282   0.505866   0.554880   0.530682   0.542983   0.498008   0.504722   0.500499   0.543025   0.541555   0.542358   0.548761   0.490523   0.527073   0.281488   0.294677   0.287834   0.631333   0.536629   0.596976   0.462971   0.533878   0.492887   0.477972   0.585676   0.528858   0.521403   0.488203   0.505102   0.523828   0.496054   0.510400   0.517283   0.499249   0.509115   0.536204   0.516991   0.526752
   2.577750   0.536400   0.512822   0.523116   0.505481   0.501161   0.503917   0.540102   0.512832   0.524896   0.516420   0.499265   0.509943   0.548213   0.529615   0.538744   0.507036   0.510563   0.508429   0.565604   0.529040   0.548002   0.565056   0.509610   0.543935   0.222765   0.247545   0.233891   0.653021   0.575695   0.626245   0.461289   0.539247   0.493123   0.482858   0.592611   0.533452   0.518993   0.484500   0.502410   0.519459   0.491885   0.506733   0.519585   0.499330   0.510652   0.538625   0.518769   0.528626
   2.579500   0.506576   0.503587   0.505459   0.542826   0.510109   0.523975   0.520619   0.504934   0.514435   0.541392   0.527494   0.534066   0.519643   0.514449   0.517377   0.574106   0.515531   0.545138   0.573233   0.523508   0.553842   0.186811   0.208402   0.196032   0.674863   0.617201   0.655556   0.458257   0.543936   0.492100   0.488109   0.598670   0.537757   0.515966   0.480398   0.499317   0.515923   0.488156   0.503654   0.523358   0.500360   0.513394   0.530881   0.515254   0.523048
   2.581250   0.507951   0.507066   0.507605   0.544957   0.507106   0.522546   0.525758   0.511002   0.519645   0.534744   0.523605   0.528638   0.536717   0.513823   0.525639   0.564403   0.505634   0.536271   0.576391   0.532189   0.558729   0.165340   0.180001   0.171494   0.697436   0.660366   0.685237   0.453919   0.547197   0.489500   0.493533   0.603486   0.541530   0.512602   0.476174   0.496086   0.513178   0.485012   0.501207   0.529023   0.502666   0.517631   0.518174   0.508742   0.513634
   2.583000   0.510133   0.513473   0.511493   0.545124   0.502257   0.519435   0.531966   0.518269   0.525967   0.528728   0.516831   0.521908   0.551245   0.509297   0.529417   0.551036   0.502517   0.528944   0.577041   0.537116   0.560688   0.150559   0.159704   0.154481   0.721080   0.703947   0.715404   0.448596   0.548299   0.485218   0.498958   0.606811   0.544611   0.509241   0.472174   0.493018   0.511120   0.482485   0.499355   0.534938   0.505425   0.521992   0.506430   0.500860   0.503937
   2.584750   0.521160   0.524205   0.522678   0.530809   0.490203   0.509087   0.539571   0.528017   0.534162   0.523296   0.505783   0.512806   0.555065   0.504846   0.528428   0.543354   0.504331   0.526058   0.576574   0.539614   0.561058   0.138560   0.144303   0.141184   0.745792   0.746260   0.745809   0.442937   0.546682   0.479477   0.504256   0.608549   0.546950   0.506137   0.468676   0.490338   0.509708   0.480611   0.498086   0.536239   0.506025   0.522859   0.500686   0.494202   0.498012
   2.586500   0.543589   0.516204   0.526562   0.516375   0.493325   0.506135   0.549556   0.540657   0.544951   0.517722   0.489015   0.500303   0.550575   0.502673   0.525561   0.540425   0.507607   0.525911   0.575641   0.540562   0.560553   0.127876   0.131758   0.129831   0.771148   0.785426   0.775769   0.437856   0.542142   0.472897   0.509358   0.608773   0.548616   0.503438   0.465847   0.488167   0.508972   0.479466   0.497437   0.532144   0.503778   0.519800   0.499919   0.490401   0.496239
   2.588250   0.549246   0.511570   0.524776   0.516262   0.499918   0.508993   0.559370   0.541922   0.548772   0.518161   0.475143   0.493840   0.543902   0.502535   0.522838   0.539801   0.510631   0.526749   0.574496   0.540480   0.559514   0.118096   0.121029   0.119745   0.796329   0.819813   0.804257   0.434308   0.534987   0.466416   0.514253   0.607698   0.549767   0.501208   0.463739   0.486539   0.508925   0.479105   0.497430   0.525870   0.499904   0.515030
   2.590000   0.551367   0.509265   0.523400   0.517914   0.504225   0.511651   0.559280   0.526597   0.537026   0.525376   0.481484   0.502084   0.538336   0.503434   0.520914   0.540057   0.512941   0.527705   0.573199   0.539677   0.558087   0.109176   0.111636   0.110709   0.820301   0.848488   0.830185   0.432976   0.526035   0.461034   0.518968   0.605634   0.550613   0.499455   0.462325   0.485427   0.509362   0.479351   0.497894   0.519481   0.495260   0.509923
   2.591750   0.552394   0.507723   0.522263   0.520054   0.508166   0.514432   0.555694   0.514217   0.525968   0.529282   0.490314   0.508871   0.534560   0.504630   0.519769   0.540519   0.514525   0.528439   0.571739   0.538353   0.556345   0.101148   0.103355   0.102651   0.842123   0.871393   0.852752   0.434052   0.516424   0.457491   0.523550   0.602933   0.551370   0.498151   0.461523   0.484772   0.509710   0.479648   0.498338   0.514025   0.490518   0.505297
   2.593500   0.552322   0.506463   0.521174   0.522520   0.513118   0.517918   0.551682   0.504871   0.517193   0.530401   0.495965   0.512359   0.532255   0.505768   0.519180   0.540897   0.515498   0.528854   0.570097   0.536658   0.554339   0.094012   0.096057   0.095523   0.861195   0.889164   0.871652   0.437252   0.507284   0.456074   0.528050   0.599949   0.552226   0.497247   0.461227   0.484500   0.509402   0.479432   0.498265
   2.595250   0.548816   0.505143   0.519661   0.525765   0.522540   0.524119   0.545806   0.494396   0.507399   0.530132   0.499480   0.514036   0.530937   0.506719   0.518918   0.541086   0.515993   0.528955   0.568267   0.534716   0.552122   0.087727   0.089643   0.089259   0.877346   0.902767   0.887052   0.442023   0.499464   0.456647   0.532513   0.596996   0.553325   0.496677   0.461321   0.484528   0.508336   0.478571   0.497568
   2.597000   0.534097   0.503546   0.515807   0.537176   0.553508   0.546622   0.526352   0.463170   0.482227   0.529264   0.501733   0.514772   0.530210   0.507454   0.518810   0.541070   0.516128   0.528789   0.566268   0.532632   0.549757   0.082214   0.084012   0.083773   0.890748   0.913179   0.899410   0.447765   0.493416   0.458824   0.536974   0.594337   0.554762   0.496359   0.461679   0.484763
   2.598750   0.521363   0.503773   0.512055   0.552757   0.519694   0.527682   0.522002   0.479329   0.499001   0.528231   0.503212   0.515024   0.529804   0.507983   0.518744   0.540867   0.516000   0.528411   0.564132   0.530492   0.547307   0.077385   0.079070   0.078972   0.901759   0.921229   0.909280   0.453986   0.489248   0.462156   0.541461   0.592167   0.556592   0.496188   0.462171   0.485103
   2.600500   0.548390   0.507669   0.516915   0.524409   0.493713   0.507861   0.527251   0.504197   0.515035   0.529546   0.508330   0.518658   0.540504   0.515682   0.527871   0.561898   0.528364   0.544829   0.073148   0.074724   0.074764   0.910787   0.927552   0.917191   0.460339   0.486835   0.466241   0.545996   0.590622   0.558833
   2.602250   0.545361   0.502561   0.512101   0.525313   0.498774   0.510852   0.526415   0.504858   0.514933   0.529337   0.508525   0.518520   0.540011   0.515229   0.527208   0.559610   0.526295   0.542373   0.069419   0.070891   0.071065   0.918219   0.932608   0.923585   0.466617   0.485945   0.470776   0.550597   0.589783   0.561486
   2.604000   0.543088   0.498846   0.508808   0.525560   0.501344   0.512242   0.525735   0.505298   0.514782   0.529119   0.508595   0.518320   0.539410   0.514684   0.526457   0.557304   0.524318   0.539977   0.066124   0.067496   0.067801   0.924379   0.936727   0.928811   0.472712   0.486317   0.475554   0.555275   0.589686   0.564532
   2.605750   0.540234   0.494687   0.506058   0.525425   0.502864   0.512926   0.525189   0.505586   0.514607   0.528869   0.508567   0.518061   0.538723   0.514078   0.525643   0.555011   0.522451   0.537667   0.063202   0.064479   0.064910   0.929531   0.940139   0.933134   0.478588   0.487714   0.480446
   2.607500   0.525071   0.503821   0.513228   0.524744   0.505763   0.514418   0.528576   0.508460   0.517749   0.537964   0.513434   0.524786   0.552758   0.520704   0.535463   0.060599   0.061786   0.062338   0.933880   0.943012   0.936753   0.484254   0.489938   0.485385
   2.609250   0.524610   0.504437   0.513309   0.524365   0.505857   0.514216   0.528242   0.508294   0.517394   0.537148   0.512770   0.523903   0.550562   0.519080   0.533373   0.058272   0.059371   0.060043   0.937585   0.945463   0.939817   0.489743   0.492838   0.490347
   2.611000   0.524118   0.504833   0.513261   0.524024   0.505889   0.514000   0.527869   0.508083   0.517005   0.536289   0.512101   0.523007   0.548436   0.517576   0.531403   0.056184   0.057200   0.057985   0.940770   0.947580   0.942440   0.495107   0.496310   0.495338
   2.612750   0.523638   0.505081   0.513140   0.523703   0.505871   0.513770   0.527465   0.507839   0.516592   0.535396   0.511437   0.522111   0.546391   0.516187   0.529552   0.054304   0.055239   0.056136   0.943531   0.949428   0.944707
   2.614500   0.523191   0.505228   0.512979   0.523389   0.505815   0.513527   0.527034   0.507572   0.516161   0.534481   0.510786   0.521222   0.544430   0.514907   0.527819   0.052606   0.053462   0.054467   0.945942   0.951056   0.946683
   2.616250   0.522782   0.505306   0.512796   0.523074   0.505728   0.513271   0.526582   0.507290   0.515718   0.533554   0.510152   0.520349   0.542556   0.513728   0.526199   0.051068   0.051848   0.052957   0.948063   0.952501   0.948419
   2.618000   0.522409   0.505335   0.512602   0.522756   0.505617   0.513005   0.526112   0.506997   0.515269   0.532623   0.509539   0.519496   0.540770   0.512642   0.524687   0.049671   0.050377   0.051587   0.949940   0.953793   0.949954
   2.619750   0.522064   0.505328   0.512403   0.522433   0.505487   0.512731   0.525630   0.506699   0.514817   0.531694   0.508951   0.518667   0.539070   0.511643   0.523275   0.048398   0.049032   0.050340   0.951611   0.954954   0.951321
   2.621500   0.521742   0.505294   0.512200   0.522105   0.505343   0.512453   0.525138   0.506399   0.514366   0.530774   0.508387   0.517866   0.537455   0.510722   0.521959   0.047236   0.047801   0.049203   0.953107   0.956005   0.952544
   2.623250   0.521437   0.505241   0.511996   0.521775   0.505189   0.512171   0.524639   0.506101   0.513918   0.529868   0.507849   0.517094   0.535922   0.509873   0.520731   0.046173   0.046670   0.048164   0.954451   0.956958   0.953643
   2.625000   0.521143   0.505172   0.511791   0.521442   0.505027   0.511887   0.524136   0.505805   0.513476   0.528979   0.507337   0.516351   0.534468   0.509089   0.519585   0.045198   0.045629   0.047212   0.955665   0.957828   0.954637
   2.626750   0.521108   0.504861   0.511604   0.523631   0.505514   0.513040   0.528110   0.506850   0.515640   0.533090   0.508364   0.518515   0.044303   0.044669   0.046338   0.956766   0.958623   0.955538
   2.628500   0.520773   0.504691   0.511323   0.523128   0.505229   0.512613   0.527264   0.506388   0.514959   0.531783   0.507694   0.517516   0.043479   0.043783   0.045535   0.957767   0.959354   0.956358
   2.630250   0.520440   0.504521   0.511044   0.522627   0.504950   0.512196   0.526442   0.505949   0.514307   0.530545   0.507072   0.516582   0.042720   0.042962   0.044794   0.958680   0.960026   0.957106
   2.632000   0.520107   0.504349   0.510769   0.522130   0.504679   0.511788   0.525645   0.505533   0.513685   0.529372   0.506496   0.515708   0.042019   0.042201   0.044111   0.959517   0.960646   0.957792
   2.633750   0.519777   0.504179   0.510498   0.521640   0.504416   0.511392   0.524873   0.505139   0.513092   0.528259   0.505960   0.514889   0.041372   0.041495   0.043480   0.960284   0.961220   0.958421
   2.635500   0.519450   0.504010   0.510232   0.521157   0.504160   0.511006   0.524128   0.504765   0.512525   0.527205   0.505461   0.514122   0.040772   0.040839   0.042896   0.960990   0.961752   0.959000
   2.637250   0.519126   0.503844   0.509971   0.520682   0.503913   0.510632   0.523408   0.504410   0.511985   0.526204   0.504996   0.513402   0.040217   0.040227   0.042355   0.961641   0.962246   0.959534
   2.639000   0.518806   0.503680   0.509715   0.520215   0.503674   0.510269   0.522713   0.504073   0.511469   0.525255   0.504561   0.512725   0.039702   0.039657   0.041853   0.962242   0.962706   0.960027
   2.640750   0.518490   0.503519   0.509466   0.519759   0.503443   0.509918   0.522043   0.503753   0.510977   0.524354   0.504155   0.512089   0.039224   0.039125   0.041387   0.962799   0.963133   0.960483
   2.642500   0.518180   0.503362   0.509222   0.519313   0.503219   0.509578   0.521398   0.503449   0.510508   0.523499   0.503774   0.511490   0.038779   0.038628   0.040953   0.963315   0.963532   0.960906
   2.644250   0.518877   0.503003   0.509249   0.520777   0.503160   0.510061   0.522685   0.503417   0.510925   0.038366   0.038163   0.040549   0.963794   0.963905   0.961299
   2.646000   0.518451   0.502795   0.508931   0.520179   0.502885   0.509633   0.521912   0.503081   0.510392   0.037982   0.037728   0.040174   0.964239   0.964254   0.961664
   2.647750   0.518037   0.502594   0.508624   0.519603   0.502623   0.509225   0.521176   0.502764   0.509888   0.037624   0.037320   0.039823   0.964654   0.964580   0.962004
   2.649500   0.517633   0.502401   0.508327   0.519049   0.502374   0.508834   0.520475   0.502466   0.509411   0.037290   0.036938   0.039496   0.965041   0.964885   0.962320
   2.651250   0.517241   0.502214   0.508040   0.518516   0.502136   0.508461   0.519808   0.502185   0.508960   0.036979   0.036579   0.039191   0.965401   0.965172   0.962615
   2.653000   0.516859   0.502033   0.507763   0.518002   0.501908   0.508104   0.519171   0.501918   0.508532   0.036689   0.036241   0.038906   0.965738   0.965440   0.962891
   2.654750   0.516488   0.501859   0.507496   0.517508   0.501691   0.507762   0.518563   0.501666   0.508125   0.036419   0.035924   0.038639   0.966053   0.965693   0.963148
   2.656500   0.516128   0.501691   0.507238   0.517032   0.501483   0.507435   0.517983   0.501426   0.507739   0.036167   0.035626   0.038390   0.966348   0.965930   0.963389
   2.658250   0.516574   0.501284   0.507121   0.517429   0.501198   0.507371   0.035931   0.035345   0.038156   0.966624   0.966153   0.963614
   2.660000   0.516132   0.501094   0.506820   0.516898   0.500982   0.507020   0.035711   0.035080   0.037938   0.966883   0.966362   0.963824
   2.661750   0.515706   0.500911   0.506531   0.516391   0.500775   0.506686   0.035506   0.034831   0.037733   0.967125   0.966559   0.964021
   2.663500   0.515296   0.500735   0.506253   0.515904   0.500578   0.506367   0.035314   0.034596   0.037541   0.967352   0.966744   0.964206
   2.665250   0.514901   0.500566   0.505987   0.515438   0.500390   0.506062   0.967565   0.966919   0.964379   0.035135   0.034374   0.037362
   2.667000   0.514991   0.500209   0.505770   0.967765   0.967083   0.964541   0.034968   0.034165   0.037193
   2.668750   0.514562   0.500036   0.505490   0.967953   0.967238   0.964693   0.034812   0.033967   0.037035
   2.670500   0.514149   0.499870   0.505221   0.968129   0.967383   0.964835   0.034667   0.033781   0.036887
   2.672250   0.968294   0.967520   0.964968   0.034531   0.033604   0.036748
   2.674000   0.968450   0.967650   0.965093   0.034405   0.033437   0.036618
   2.675750   0.968596   0.967771   0.965211   0.034287   0.033279   0.036495
   2.677500   0.968732   0.967885   0.965320   0.034177   0.033130   0.036380
   2.679250   0.968861   0.967993   0.965423   0.034074   0.032989   0.036273
   2.681000   0.968981   0.968094   0.965519   0.033979   0.032855   0.036172
   2.682750   0.969094   0.968189   0.965609   0.033890   0.032728   0.036077
   2.684500   0.969200   0.968278   0.965693   0.033808   0.032608   0.035988
   2.686250   0.969299   0.968362   0.965772   0.033731   0.032494   0.035905
   2.688000   0.969392   0.968441   0.965845   0.033660   0.032386   0.035827
   2.689750   0.969479   0.968514   0.965914   0.033594   0.032283   0.035753
   2.691500   0.969560   0.968583   0.965977   0.033533   0.032186   0.035684
   2.693250   0.969636   0.968648   0.966036   0.033477   0.032094   0.035620
   2.695000   0.969706   0.968708   0.966091   0.033425   0.032006   0.035560
   2.696750   0.969772   0.968765   0.966142   0.033377   0.031923   0.035503
   2.698500   0.969833   0.968817   0.966189   0.033333   0.031843   0.035450
   2.700250   0.969889   0.968866   0.966233   0.033292   0.031768   0.035400
   2.702000   0.969942   0.968911   0.966272   0.033255   0.031696   0.035354
   2.703750   0.969990   0.968952   0.966309   0.033220   0.031627   0.035310
   2.705500   0.970035   0.968991   0.966342   0.033189   0.031562   0.035270
   2.707250   0.970075   0.969026   0.966373   0.033161   0.031500   0.035231
   2.709000   0.970113   0.969059   0.966400   0.033135   0.031440   0.035196
   2.710750   0.970147   0.969089   0.966425   0.033111   0.031383   0.035162
   2.712500   0.970178   0.969116   0.966447   0.033090   0.031329   0.035131
   2.714250   0.970205   0.969140   0.966467   0.033071   0.031277   0.035102
   2.716000   0.970230   0.969162   0.966484   0.033053   0.031227   0.035075
   2.717750   0.970252   0.969181   0.966499   0.033038   0.031179   0.035049
   2.719500   0.970271   0.969198   0.966511   0.033024   0.031133   0.035025
   2.721250   0.970288   0.969213   0.966522   0.033012   0.031088   0.035003
   2.723000   0.970302   0.969226   0.966530   0.033001   0.031045   0.034982
   2.724750   0.970314   0.969236   0.966537   0.032992   0.031004   0.034962
   2.726500   0.970323   0.969245   0.966541   0.032984   0.030964   0.034943
   2.728250   0.970330   0.969252   0.966544   0.032977   0.030926   0.034926
   2.730000   0.970335   0.969257   0.966545   0.032971   0.030889   0.034910
   2.731750   0.970338   0.969260   0.966544   0.032966   0.030852   0.034894
   2.733500   0.970339   0.969261   0.966542   0.032962   0.030817   0.034880
   2.735250   0.970338   0.969261   0.966538   0.032958   0.030783   0.034866
   2.737000   0.970336   0.969259   0.966532   0.032956   0.030749   0.034853
   2.738750   0.970331   0.969255   0.966525   0.032954   0.030716   0.034841
   2.740500   0.970325   0.969250   0.966517   0.032952   0.030684   0.034829
   2.742250   0.970317   0.969244   0.966507   0.032951   0.030653   0.034818
   2.744000   0.970307   0.969236   0.966496   0.032951   0.030622   0.034807
   2.745750   0.970296   0.969227   0.966484   0.032951   0.030591   0.034797
   2.747500   0.970283   0.969216   0.966470   0.032951   0.030561   0.034787
   2.749250   0.970269   0.969204   0.966455   0.032951   0.030531   0.034778
   2.751000   0.970254   0.969191   0.966439
   2.752750   0.970237   0.969177   0.966422
   2.754500   0.970219   0.969161   0.966404
   2.756250   0.970199   0.969144   0.966384
   2.758000   0.970178   0.969126   0.966364
   2.759750   0.970156   0.969108   0.966343
   2.761500   0.970133   0.969088   0.966320
   2.763250   0.970108   0.969066   0.966297
   2.765000   0.970083   0.969044   0.966272
   2.766750   0.970056   0.969021   0.966247
   2.768500   0.970028   0.968997   0.966221
   2.770250   0.970000   0.968972   0.966194
   2.772000   0.969970   0.968947   0.966166
   2.773750   0.969939   0.968920   0.966137
   2.775500   0.969907   0.968892   0.966108
   2.777250   0.969874   0.968864   0.966077
   2.779000   0.969841   0.968834   0.966046
   2.780750   0.969806   0.968804   0.966014
   2.782500   0.969770   0.968773   0.965981
   2.784250   0.969734   0.968741   0.965948
   2.786000   0.969697   0.968708   0.965914
   2.787750   0.969658   0.968675   0.965879
   2.789500   0.969620   0.968641   0.965843
   2.791250   0.969580   0.968606   0.965807
   2.793000   0.969539   0.968570   0.965770
   2.794750   0.969498   0.968534   0.965733
   2.796500   0.969456   0.968497   0.965694
   2.798250   0.969413   0.968459   0.965655
   2.800000   0.969369   0.968421   0.965616
   2.801750   0.969324   0.968382   0.965575
   2.803500   0.969279   0.968342   0.965535
   2.805250   0.969233   0.968302   0.965493
   2.807000   0.969187   0.968261   0.965451
   2.808750   0.969139   0.968219   0.965408
   2.810500   0.969091   0.968176   0.965365
   2.812250   0.969043   0.968133   0.965321
   2.814000   0.968993   0.968090   0.965277
   2.815750   0.968943   0.968046   0.965232
   2.817500   0.968892   0.968001   0.965186
   2.819250   0.968841   0.967955   0.965140
   2.821000   0.968789   0.967909   0.965093
   2.822750   0.968736   0.967863   0.965046
   2.824500   0.968683   0.967815   0.964998
   2.826250   0.968629   0.967767   0.964949
   2.828000   0.968574   0.967719   0.964900
   2.829750   0.968519   0.967670   0.964851
   2.831500   0.968463   0.967620   0.964801
   2.833250   0.968406   0.967570   0.964750
   2.835000   0.968349   0.967520   0.964699
   2.836750   0.968291   0.967468   0.964647
   2.838500   0.968233   0.967416   0.964595
   2.840250   0.968174   0.967364   0.964542
   2.842000   0.968114   0.967311   0.964489
   2.843750   0.968054   0.967258   0.964435
   2.845500   0.967993   0.967203   0.964380
   2.847250   0.967932   0.967149   0.964325
   2.849000   0.967870   0.967094   0.964270
   2.850750   0.967807   0.967038   0.964214
   2.852500   0.967744   0.966982   0.964157
   2.854250   0.967680   0.966925   0.964100
   2.856000   0.967616   0.966867   0.964043
   2.857750   0.967550   0.966809   0.963985
   2.859500   0.967485   0.966751   0.963926
   2.861250   0.967418   0.966692   0.963867
   2.863000   0.967352   0.966632   0.963807
   2.864750   0.967284   0.966572   0.963747
   2.866500   0.967216   0.966511   0.963686
   2.868250   0.967147   0.966450   0.963625
   2.870000   0.967078   0.966388   0.963563
   2.871750   0.967008   0.966326   0.963500
   2.873500   0.966938   0.966263   0.963437
   2.875250   0.966866   0.966199   0.963374
   2.877000   0.966795   0.966135   0.963310
   2.878750   0.966722   0.966071   0.963245
   2.880500   0.966649   0.966005   0.963180
   2.882250   0.966576   0.965940   0.963114
   2.884000   0.966502   0.965873   0.963048
   2.885750   0.966427   0.965806   0.962981
   2.887500   0.966351   0.965739   0.962914
   2.889250   0.966275   0.965671   0.962846
   2.891000   0.966199   0.965602   0.962778
   2.892750   0.966121   0.965533   0.962709
   2.894500   0.966043   0.965463   0.962639
   2.896250   0.965965   0.965393   0.962569
   2.898000   0.965885   0.965322   0.962498
   2.899750   0.965805   0.965251   0.962427
   2.901500   0.965725   0.965179   0.962355
   2.903250   0.965644   0.965106   0.962283
   2.905000   0.965562   0.965033   0.962210
   2.906750   0.965479   0.964959   0.962136
   2.908500   0.965396   0.964884   0.962062
   2.910250   0.965312   0.964809   0.961987
   2.912000   0.965228   0.964734   0.961911
   2.913750   0.965143   0.964657   0.961835
   2.915500   0.965057   0.964580   0.961759
   2.917250   0.964970   0.964503   0.961681
   2.919000
   2.920750
   2.922500
   2.924250
   2.926000
   2.927750
   2.929500
   2.931250
   2.933000
   2.934750
   2.936500
   2.938250
   2.940000
   2.941750
   2.943500
   2.945250
   2.947000
   2.948750
   2.950500
   2.952250
   2.954000
   2.955750
   2.957500
   2.959250
   2.961000
   2.962750
   2.964500
   2.966250
   2.968000
   2.969750
   2.971500
   2.973250
   2.975000
   2.976750
   2.978500
   2.980250
   2.982000
   2.983750
   2.985500
   2.987250
   2.989000
   2.990750
   2.992500
   2.994250
   2.996000
   2.997750
   2.999500
   3.001250
   3.003000
   3.004750
   3.006500
   3.008250
   3.010000
   3.011750
   3.013500
   3.015250
   3.017000
   3.018750
   3.020500
   3.022250
   3.024000
   3.025750
   3.027500
   3.029250
   3.031000
   3.032750
   3.034500
   3.036250
   3.038000
   3.039750
   3.041500
   3.043250
   3.045000
   3.046750
   3.048500
   3.050250
   3.052000
   3.053750
   3.055500
   3.057250
   3.059000
   3.060750
   3.062500
   3.064250
   3.066000
   3.067750
   3.069500
   3.071250
   3.073000
   3.074750
   3.076500
   3.078250
   3.080000
   3.081750
   3.083500
   3.085250
   3.087000
   3.088750
   3.090500
   3.092250
   3.094000
   3.095750
   3.097500
   3.099250
   3.101000
   3.102750
   3.104500
   3.106250
   3.108000
   3.109750
   3.111500
   3.113250
   3.115000
   3.116750
   3.118500
   3.120250
   3.122000
   3.123750
   3.125500
   3.127250
   3.129000
   3.130750
   3.132500
   3.134250
   3.136000
   3.137750
   3.139500
   3.141250
   3.143000
   3.144750
   3.146500
   3.148250
   3.150000
   3.151750
   3.153500
   3.155250
   3.157000
   3.158750
   3.160500
   3.162250
   3.164000
   3.165750
   3.167500
   3.169250
   3.171000
   3.172750
   3.174500
   3.176250
   3.178000
   3.179750
   3.181500
   3.183250
   3.185000
   3.186750
   3.188500
   3.190250
   3.192000
   3.193750
   3.195500
   3.197250
   3.199000
   3.200750
   3.202500
   3.204250
   3.206000
   3.207750
   3.209500
   3.211250
   3.213000
   3.214750
   3.216500
   3.218250
   3.220000
   3.221750
   3.223500
   3.225250
   3.227000
   3.228750
   3.230500
   3.232250
   3.234000
   3.235750
   3.237500
   3.239250
   3.241000
   3.242750
   3.244500
   3.246250
   3.248000
   3.249750
   3.251500
   3.253250
   3.255000
   3.256750
   3.258500
   3.260250
   3.262000
   3.263750
   3.265500
   3.267250
   3.269000
   3.270750
   3.272500
   3.274250
   3.276000
   3.277750
   3.279500
   3.281250
   3.283000
   3.284750
   3.286500
   3.288250
   3.290000
   3.291750
   3.293500
   3.295250
   3.297000
   3.298750
   3.300500
   3.302250
   3.304000
   3.305750
   3.307500
   3.309250
   3.311000
   3.312750
   3.314500
   3.316250
   3.318000
   3.319750
   3.321500
   3.323250
   3.325000
   3.326750
   3.328500
   3.330250
   3.332000
   3.333750
   3.335500
   3.337250
   3.339000
   3.340750
   3.342500
   3.344250
   3.346000
   3.347750
   3.349500
   3.351250
   3.353000
   3.354750
   3.356500
   3.358250
   3.360000
   3.361750
   3.363500
   3.365250   0.036261   0.035937   0.039119
   3.367000   0.036174   0.035860   0.039042
   3.368750   0.036088   0.035783   0.038965
   3.370500   0.036002   0.035706   0.038889
   3.372250   0.035917   0.035631   0.038813
   3.374000   0.035833   0.035556   0.038738
   3.375750   0.035750   0.035481   0.038664
   3.377500   0.035667   0.035407   0.038590
   3.379250   0.035585   0.035334   0.038517
   3.381000   0.035503   0.035261   0.038444
   3.382750   0.035422   0.035189   0.038372
   3.384500   0.035342   0.035118   0.038301
   3.386250   0.035262   0.035047   0.038230
   3.388000   0.035183   0.034976   0.038160
   3.389750   0.035105   0.034907   0.038090
   3.391500   0.035027   0.034837   0.038021
   3.393250   0.034950   0.034769   0.037952
   3.395000   0.034874   0.034701   0.037884
   3.396750   0.034798   0.034633   0.037817
   3.398500   0.034722   0.034567   0.037750
   3.400250   0.034648   0.034500   0.037684
   3.402000   0.034574   0.034435   0.037618
   3.403750   0.034500   0.034369   0.037553
   3.405500   0.034428   0.034305   0.037488
   3.407250   0.034355   0.034241   0.037424
   3.409000   0.034284   0.034177   0.037360
   3.410750   0.034213   0.034115   0.037297
   3.412500   0.034143   0.034052   0.037234
   3.414250   0.034073   0.033991   0.037172
   3.416000   0.034004   0.033929   0.037111
   3.417750   0.033935   0.033869   0.037050
   3.419500   0.033867   0.033809   0.036990
   3.421250   0.033800   0.033749   0.036930
   3.423000   0.033733   0.033690   0.036871
   3.424750   0.033667   0.033632   0.036812
   3.426500   0.033601   0.033574   0.036753
   3.428250   0.033536   0.033517   0.036696
   3.430000   0.033472   0.033460   0.036639
   3.431750   0.033408   0.033404   0.036582
   3.433500   0.033345   0.033348   0.036526
   3.435250   0.033282   0.033293   0.036470
   3.437000   0.033220   0.033239   0.036415
   3.438750   0.033159   0.033185   0.036361
   3.440500   0.033098   0.033131   0.036306
   3.442250   0.033038   0.033078   0.036253
   3.444000   0.032978   0.033026   0.036200
   3.445750   0.032919   0.032974   0.036148
   3.447500   0.032860   0.032923   0.036096
   3.449250   0.032803   0.032873   0.036044
   3.451000   0.032745   0.032823   0.035994
   3.452750   0.032689   0.032774   0.035943
   3.454500   0.032633   0.032725   0.035894
   3.456250   0.032578   0.032677   0.035845
   3.458000   0.032523   0.032629   0.035796
   3.459750   0.032469   0.032582   0.035748
   3.461500   0.032415   0.032535   0.035700
   3.463250   0.032363   0.032490   0.035653
   3.465000   0.032310   0.032444   0.035607
   3.466750   0.032259   0.032400   0.035561
   3.468500   0.032208   0.032356   0.035516
   3.470250   0.032158   0.032312   0.035471
   3.472000   0.032108   0.032270   0.035427
   3.473750   0.032059   0.032228   0.035384
   3.475500   0.032011   0.032186   0.035341
   3.477250   0.031964   0.032145   0.035299
   3.479000   0.031917   0.032105   0.035257
   3.480750   0.031871   0.032066   0.035216
   3.482500   0.031825   0.032027   0.035176
   3.484250   0.031781   0.031989   0.035136
   3.486000   0.031737   0.031951   0.035097
   3.487750   0.031694   0.031915   0.035058
   3.489500   0.031651   0.031879   0.035020
   3.491250   0.031610   0.031843   0.034983
   3.493000   0.031569   0.031809   0.034946
   3.494750   0.031529   0.031775   0.034911
   3.496500   0.031490   0.031742   0.034875
   3.498250   0.031451   0.031710   0.034841
   3.500000   0.031414   0.031678   0.034807
   3.501750   0.031377   0.031647   0.034774
   3.503500   0.031341   0.031618   0.034742
   3.505250   0.031306   0.031588   0.034711
   3.507000   0.031273   0.031560   0.034680
   3.508750   0.031239   0.031533   0.034650
   3.510500   0.031207   0.031507   0.034621
   3.512250   0.031176   0.031481   0.034593
   3.514000   0.031146   0.031456   0.034566
   3.515750   0.031117   0.031433   0.034539
   3.517500   0.031089   0.031410   0.034513
   3.519250   0.031062   0.031388   0.034489
   3.521000   0.031036   0.031368   0.034465
   3.522750   0.031011   0.031348   0.034442
   3.524500   0.030988   0.031330   0.034420
   3.526250   0.030965   0.031312   0.034399
   3.528000   0.030944   0.031296   0.034380
   3.529750   0.030924   0.031281   0.034361
   3.531500   0.030906   0.031267   0.034343
   3.533250   0.030889   0.031254   0.034327   0.967905   0.970478   0.966128
   3.535000   0.030873   0.031242   0.034311   0.967906   0.970447   0.966118
   3.536750   0.030858   0.031232   0.034297   0.967908   0.970415   0.966108
   3.538500   0.030845   0.031223   0.034284   0.967908   0.970383   0.966098
   3.540250   0.030834   0.031216   0.034273   0.967909   0.970350   0.966088
   3.542000   0.030824   0.031210   0.034262   0.967909   0.970317   0.966077
   3.543750   0.030816   0.031205   0.034253   0.967908   0.970284   0.966065
   3.545500   0.030809   0.031202   0.034246   0.967908   0.970250   0.966053
   3.547250   0.030804   0.031200   0.034240   0.967906   0.970215   0.966041
   3.549000   0.030801   0.031200   0.034235   0.967904   0.970179   0.966027
   3.550750   0.030800   0.031202   0.034232   0.967901   0.970143   0.966013
   3.552500   0.030801   0.031205   0.034230   0.967897   0.970105   0.965998
   3.554250   0.030804   0.031211   0.034231   0.967892   0.970067   0.965982
   3.556000   0.030809   0.031218   0.034233   0.967886   0.970027   0.965965
   3.557750   0.030816   0.031227   0.034236   0.967880   0.969986   0.965947
   3.559500   0.030825   0.031238   0.034242   0.967871   0.969944   0.965928
   3.561250   0.030836   0.031251   0.034249   0.967862   0.969900   0.965907
   3.563000   0.030850   0.031266   0.034259   0.967851   0.969855   0.965885
   3.564750   0.030867   0.031283   0.034271   0.967839   0.969808   0.965862
   3.566500   0.030886   0.031303   0.034284   0.967825   0.969759   0.965837
   3.568250   0.030908   0.031325   0.034301   0.967809   0.969708   0.965810
   3.570000   0.030932   0.031349   0.034319   0.967792   0.969655   0.965782
   3.571750   0.030960   0.031377   0.034340   0.967772   0.969600   0.965751
   3.573500   0.030991   0.031406   0.034364   0.967750   0.969543   0.965719
   3.575250   0.031025   0.031439   0.034390   0.967726   0.969483   0.965684
   3.577000   0.031062   0.031475   0.034419   0.967699   0.969420   0.965647
   3.578750   0.031103   0.031513   0.034451   0.967670   0.969355   0.965607
   3.580500   0.031148   0.031555   0.034486   0.967637   0.969286   0.965564
   3.582250   0.031196   0.031601   0.034524   0.967602   0.969214   0.965519
   3.584000   0.031249   0.031649   0.034566   0.967563   0.969138   0.965471
   3.585750   0.031306   0.031702   0.034612   0.967521   0.969059   0.965419
   3.587500   0.031367   0.031758   0.034661   0.967476   0.968976   0.965364
   3.589250   0.031434   0.031818   0.034714   0.967426   0.968888   0.965305
   3.591000   0.031505   0.031883   0.034771   0.967372   0.968796   0.965242
   3.592750   0.031581   0.031951   0.034833   0.967313   0.968699   0.965175
   3.594500   0.031663   0.032025   0.034899   0.967250   0.968597   0.965103
   3.596250   0.031751   0.032103   0.034970   0.967182   0.968490   0.965027
   3.598000   0.031844   0.032187   0.035046   0.967108   0.968377   0.964945
   3.599750   0.031945   0.032276   0.035128   0.967029   0.968258   0.964859
   3.601500   0.032052   0.032370   0.035215   0.966943   0.968133   0.964766
   3.603250   0.032166   0.032471   0.035308   0.966851   0.968001   0.964668
   3.605000   0.032288   0.032578   0.035408   0.966752   0.967861   0.964563
   3.606750   0.032418   0.032691   0.035514   0.966646   0.967714   0.964451
   3.608500   0.032557   0.032812   0.035628   0.966532   0.967558   0.964331
   3.610250   0.032705   0.032940   0.035750   0.966409   0.967393   0.964204
   3.612000   0.487117   0.500688   0.495605   0.032863   0.033076   0.035879   0.966278   0.967220   0.964069
   3.613750   0.486708   0.500526   0.495341   0.033031   0.033220   0.036018   0.966137   0.967036   0.963924
   3.615500   0.486283   0.500357   0.495066   0.033210   0.033374   0.036165   0.965986   0.966842   0.963770
   3.617250   0.486337   0.500004   0.494840   0.485840   0.500181   0.494779   0.033401   0.033536   0.036323   0.965824   0.966636   0.963606
   3.619000   0.485944   0.499839   0.494577   0.485378   0.499997   0.494480   0.965650   0.966418   0.963431   0.033605   0.033709   0.036491
   3.620750   0.485536   0.499668   0.494304   0.484897   0.499805   0.494166   0.965464   0.966187   0.963244   0.033822   0.033893   0.036670
   3.622500   0.485114   0.499489   0.494020   0.484394   0.499603   0.493838   0.965265   0.965943   0.963044   0.034054   0.034088   0.036861
   3.624250   0.484675   0.499303   0.493724   0.483870   0.499393   0.493495   0.965051   0.965683   0.962831   0.034301   0.034295   0.037066
   3.626000   0.484220   0.499110   0.493416   0.483321   0.499171   0.493134   0.964823   0.965408   0.962604   0.034565   0.034515   0.037284
   3.627750   0.484700   0.498734   0.493333   0.483747   0.498908   0.493094   0.482747   0.498939   0.492756   0.964578   0.965116   0.962361   0.034847   0.034749   0.037518
   3.629500   0.484329   0.498565   0.493069   0.483256   0.498696   0.492759   0.482147   0.498694   0.492357   0.964315   0.964806   0.962101   0.035149   0.034998   0.037768
   3.631250   0.483948   0.498390   0.492797   0.482746   0.498476   0.492408   0.481518   0.498435   0.491938   0.964033   0.964475   0.961824   0.035472   0.035264   0.038035
   3.633000   0.483555   0.498208   0.492515   0.482216   0.498244   0.492042   0.480858   0.498162   0.491497   0.963732   0.964124   0.961527   0.035817   0.035546   0.038322
   3.634750   0.483152   0.498020   0.492223   0.481666   0.498002   0.491660   0.480166   0.497873   0.491031   0.963408   0.963750   0.961209   0.036187   0.035847   0.038629
   3.636500   0.482737   0.497825   0.491920   0.481094   0.497748   0.491259   0.479439   0.497567   0.490539   0.963060   0.963352   0.960868   0.036584   0.036169   0.038958
   3.638250   0.482312   0.497623   0.491607   0.480500   0.497482   0.490840   0.478676   0.497243   0.490018   0.962687   0.962927   0.960502   0.037011   0.036512   0.039312
   3.640000   0.482933   0.497259   0.491602   0.481875   0.497413   0.491284   0.479883   0.497202   0.490401   0.477874   0.496897   0.489467   0.962286   0.962474   0.960110   0.037469   0.036879   0.039692
   3.641750   0.482620   0.497107   0.491362   0.481428   0.497197   0.490949   0.479242   0.496908   0.489942   0.477029   0.496529   0.488882   0.961854   0.961989   0.959689   0.037963   0.037271   0.040102
   3.643500   0.482302   0.496951   0.491116   0.480970   0.496972   0.490604   0.478577   0.496598   0.489460   0.476141   0.496137   0.488262   0.961390   0.961471   0.959236   0.038495   0.037691   0.040544
   3.645250   0.481978   0.496792   0.490864   0.480503   0.496740   0.490247   0.477887   0.496272   0.488955   0.475205   0.495718   0.487603   0.960891   0.960916   0.958749   0.039071   0.038143   0.041021
   3.647000   0.481651   0.496631   0.490606   0.480026   0.496501   0.489878   0.477171   0.495929   0.488426   0.474220   0.495270   0.486901   0.960352   0.960321   0.958223   0.039693   0.038627   0.041537
   3.648750   0.481320   0.496468   0.490344   0.479540   0.496253   0.489499   0.476429   0.495567   0.487872   0.473181   0.494789   0.486154   0.959771   0.959682   0.957657   0.040367   0.039149   0.042096
   3.650500   0.480986   0.496303   0.490076   0.479047   0.495998   0.489108   0.475662   0.495186   0.487290   0.472085   0.494273   0.485358   0.959143   0.958996   0.957045   0.041100   0.039711   0.042703
   3.652250   0.480649   0.496137   0.489805   0.478547   0.495735   0.488707   0.474869   0.494784   0.486681   0.470929   0.493718   0.484508   0.958465   0.958257   0.956383   0.041898   0.040318   0.043364
   3.654000   0.480311   0.495971   0.489529   0.478042   0.495465   0.488295   0.474050   0.494360   0.486043   0.469710   0.493121   0.483600   0.957729   0.957461   0.955667   0.042770   0.040975   0.044085
   3.655750   0.479971   0.495807   0.489251   0.477533   0.495188   0.487874   0.473206   0.493913   0.485376   0.468423   0.492476   0.482629   0.956932   0.956601   0.954889   0.043724   0.041688   0.044874
   3.657500   0.479892   0.495480   0.489036   0.479632   0.495645   0.488971   0.477023   0.494906   0.487444   0.472340   0.493443   0.484679   0.467066   0.491780   0.481589   0.956066   0.955671   0.954044   0.044772   0.042464   0.045740
   3.659250   0.479598   0.495412   0.488833   0.479293   0.495488   0.488690   0.476513   0.494619   0.487006   0.471452   0.492947   0.483951   0.465635   0.491028   0.480476   0.955124   0.954664   0.953124   0.045926   0.043311   0.046694
   3.661000   0.479294   0.495359   0.488631   0.478957   0.495338   0.488410   0.476006   0.494328   0.486563   0.470545   0.492427   0.483193   0.464126   0.490212   0.479284   0.954098   0.953570   0.952121   0.047203   0.044238   0.047747
   3.662750   0.478975   0.495324   0.488431   0.478623   0.495197   0.488133   0.475505   0.494036   0.486116   0.469623   0.491882   0.482406   0.462536   0.489329   0.478006   0.952976   0.952380   0.951025   0.048622   0.045257   0.048917
   3.664500   0.478636   0.495313   0.488233   0.478293   0.495068   0.487861   0.475012   0.493745   0.485668   0.468690   0.491311   0.481591   0.460862   0.488369   0.476635   0.951749   0.951082   0.949823   0.050205   0.046383   0.050222
   3.666250   0.478271   0.495335   0.488041   0.477969   0.494958   0.487595   0.474532   0.493459   0.485221   0.467752   0.490717   0.480751   0.459102   0.487328   0.475167   0.950403   0.949663   0.948504   0.051980   0.047631   0.051685
   3.668000   0.477874   0.495400   0.487857   0.477648   0.494869   0.487339   0.474067   0.493181   0.484779   0.466815   0.490101   0.479889   0.457254   0.486197   0.473593   0.948923   0.948108   0.947052   0.053982   0.049024   0.053335
   3.669750   0.477439   0.495527   0.487691   0.477330   0.494808   0.487094   0.473621   0.492916   0.484347   0.465888   0.489466   0.479009   0.455319   0.484968   0.471909   0.947291   0.946398   0.945449   0.056254   0.050588   0.055207
   3.671500   0.476968   0.495742   0.487557   0.477008   0.494784   0.486863   0.473200   0.492673   0.483930   0.464978   0.488817   0.478120   0.453299   0.483634   0.470110   0.945486   0.944514   0.943674   0.058848   0.052358   0.057350   0.503300   0.502989   0.503240
   3.673250   0.476477   0.496084   0.487482   0.476673   0.494805   0.486647   0.472810   0.492459   0.483536   0.464098   0.488161   0.477228   0.451196   0.482189   0.468191   0.943483   0.942430   0.941703   0.061834   0.054378   0.059820   0.508630   0.506677   0.508251
   3.675000   0.475998   0.496615   0.487512   0.476309   0.494884   0.486445   0.472455   0.492285   0.483172   0.463257   0.487507   0.476344   0.449019   0.480625   0.466154   0.941255   0.940116   0.939506   0.065298   0.056706   0.062695   0.514062   0.509824   0.513225
   3.676750   0.475595   0.497432   0.487723   0.475889   0.495038   0.486256   0.472141   0.492165   0.482848   0.462469   0.486867   0.475480   0.446779   0.478941   0.463999   0.938766   0.937539   0.937049   0.069352   0.059420   0.066077   0.519652   0.512341   0.518177
   3.678500   0.458794   0.503642   0.493330   0.475365   0.498707   0.488242   0.475385   0.495290   0.486082   0.471871   0.492116   0.482573   0.461746   0.486257   0.474653   0.444492   0.477135   0.461735   0.935975   0.934657   0.934290   0.074139   0.062625   0.070097   0.525442   0.514096   0.523096
   3.680250   0.456665   0.499963   0.490319   0.475449   0.500787   0.489309   0.474760   0.495679   0.485927   0.471639   0.492158   0.482355   0.461105   0.485700   0.473882   0.442181   0.475216   0.459377   0.932834   0.931420   0.931181   0.079847   0.066467   0.074936   0.531452   0.514909   0.527935   0.448264   0.411014   0.438047
   3.682000   0.454028   0.495686   0.486321   0.476060   0.504575   0.491496   0.473986   0.496259   0.485810   0.471428   0.492315   0.482201   0.460563   0.485223   0.473188   0.439876   0.473197   0.456948   0.929284   0.927769   0.927662   0.086714   0.071149   0.080829   0.537665   0.514558   0.532590   0.452901   0.410464   0.440861
   3.683750   0.450251   0.487816   0.479057   0.477683   0.513520   0.496920   0.473061   0.497118   0.485777   0.471195   0.492614   0.482104   0.460143   0.484863   0.472604   0.437611   0.471106   0.454481   0.925257   0.923636   0.923665   0.095042   0.076959   0.088092   0.544007   0.512787   0.536889   0.457468   0.409190   0.443270   0.505231   0.537804   0.515742
   3.685500   0.473523   0.497499   0.486991   0.450255   0.456127   0.454366   0.481717   0.546002   0.519585   0.472041   0.498396   0.485928   0.470860   0.493085   0.482043   0.459871   0.484670   0.472165   0.435427   0.468984   0.452023   0.920671   0.918942   0.919109   0.105195   0.084301   0.097128   0.550313   0.509344   0.540566   0.461980   0.407253   0.445266   0.505102   0.538295   0.516087
   3.687250   0.455890   0.496399   0.482231   0.473162   0.470512   0.471800   0.459384   0.513478   0.499717   0.471089   0.500321   0.486453   0.470283   0.493755   0.481970   0.459777   0.484710   0.471919   0.433366   0.466890   0.449626   0.915440   0.913596   0.913905   0.117579   0.093738   0.108437   0.556293   0.504051   0.543256   0.466458   0.404767   0.446859   0.504871   0.538703   0.516370   0.493573   0.522145   0.503781
   3.689000   0.448922   0.494976   0.480143   0.477423   0.484905   0.481138   0.451138   0.499751   0.487213   0.470546   0.503280   0.487711   0.469235   0.494642   0.481795   0.459885   0.485070   0.471919   0.431465   0.464903   0.447353   0.909469   0.907504   0.907960   0.132587   0.106023   0.122573   0.561512   0.496909   0.544521   0.470925   0.401905   0.448089   0.504427   0.538899   0.516483   0.492280   0.521066   0.502875
   3.690750   0.448039   0.493756   0.479001   0.480077   0.490890   0.485260   0.446677   0.490631   0.478579   0.471041   0.507973   0.490376   0.467372   0.495737   0.481369   0.460196   0.485859   0.472216   0.429747   0.463120   0.445268   0.902676   0.900568   0.901183   0.150483   0.122087   0.140054   0.565401   0.488225   0.543930   0.475415   0.398903   0.449032   0.503678   0.538758   0.516330   0.491679   0.520571   0.502543   0.489020   0.511458   0.497162
   3.692500   0.448720   0.492374   0.477914   0.482346   0.495028   0.488222   0.442854   0.479813   0.468644   0.473709   0.515530   0.495716   0.464235   0.496961   0.480487   0.460647   0.487207   0.472839   0.428218   0.461658   0.443427   0.895003   0.892690   0.893499   0.171247   0.142932   0.161185   0.567362   0.478696   0.541225   0.479967   0.396057   0.449814   0.502553   0.538157   0.515824   0.491837   0.520689   0.502824   0.484083   0.506903   0.492876
   3.694250   0.450344   0.490464   0.476661   0.484236   0.499027   0.490880   0.440348   0.464691   0.455982   0.480065   0.524877   0.504572   0.459390   0.498065   0.478909   0.461037   0.489244   0.473741   0.426862   0.460655   0.441882   0.886433   0.883756   0.884855   0.194451   0.169363   0.185861   0.566977   0.469367   0.536513   0.484631   0.393710   0.450608   0.500995   0.536988   0.514888   0.492341   0.521007   0.503350   0.477959   0.502157   0.487853
   3.696000   0.453972   0.487100   0.475038   0.485159   0.504402   0.493649   0.446748   0.456830   0.452275   0.484674   0.519225   0.505275   0.452978   0.498469   0.476501   0.460874   0.492030   0.474700   0.425660   0.460285   0.440692   0.876992   0.873592   0.875199   0.219262   0.201633   0.213463   0.564236   0.461411   0.530366   0.489455   0.392220   0.451620   0.498968   0.535155   0.513455   0.492548   0.520903   0.503563   0.471479   0.497914   0.482824
   3.697750   0.468279   0.479002   0.474399   0.479537   0.512427   0.495270   0.457816   0.468053   0.462767   0.479825   0.501051   0.492690   0.447068   0.497210   0.473570   0.459080   0.495344   0.475101   0.424635   0.460804   0.439964   0.866688   0.861846   0.864394   0.244647   0.239147   0.242979   0.559644   0.455808   0.523718   0.494477   0.391920   0.453068   0.496462   0.532606   0.511484   0.492102   0.520048   0.503161   0.466195   0.494881   0.478854   0.501357   0.507792   0.503938
   3.699500   0.489065   0.482967   0.486466   0.457679   0.502264   0.484073   0.466272   0.479128   0.472041   0.474216   0.487904   0.482207   0.446950   0.493556   0.471527   0.453579   0.498092   0.473564   0.423945   0.462633   0.439945   0.855309   0.847740   0.851996   0.269671   0.280504   0.273318   0.554088   0.453073   0.517568   0.499702   0.393067   0.455137   0.493517   0.529359   0.508980   0.490964   0.518437   0.502119   0.465122   0.494227   0.477968   0.497981   0.502295   0.499849
   3.701250   0.492458   0.491716   0.492170   0.455106   0.495425   0.479168   0.473000   0.487154   0.478988   0.468426   0.479658   0.474688   0.457740   0.488583   0.473190   0.442103   0.497387   0.468026   0.424053   0.466492   0.441175   0.841924   0.829679   0.836765   0.293742   0.323858   0.303639   0.548531   0.453189   0.512682   0.505085   0.395794   0.457934   0.490243   0.525532   0.506029   0.489175   0.516154   0.500483   0.469841   0.496387   0.481365   0.488211   0.494576   0.491199
   3.703000   0.494009   0.495958   0.494748   0.456804   0.492028   0.477334   0.478556   0.493559   0.484582   0.461951   0.474808   0.468828   0.475112   0.486044   0.480079   0.428989   0.490047   0.458971   0.426009   0.473535   0.444718   0.823797   0.804858   0.815798   0.316699   0.367404   0.333525   0.543745   0.455712   0.509435   0.510521   0.400072   0.461457   0.486854   0.521361   0.502814   0.486725   0.513247   0.498260   0.476073   0.499050   0.485996   0.475145   0.487349   0.481192
   3.704750   0.495195   0.498688   0.496474   0.459346   0.489306   0.476276   0.483116   0.499290   0.489322   0.455148   0.472118   0.463904   0.489648   0.488398   0.489141   0.429459   0.477400   0.452964   0.431854   0.485267   0.452385   0.794707   0.769983   0.783856   0.338758   0.409714   0.362965   0.540177   0.459957   0.507839   0.515854   0.405709   0.465586   0.483662   0.517175   0.499617   0.483528   0.509743   0.495416   0.480606   0.500535   0.489323   0.464750   0.482403   0.473662
   3.706500   0.464795   0.488278   0.477847   0.496139   0.500770   0.497786   0.462332   0.486434   0.475476   0.486789   0.505044   0.493524   0.448417   0.470703   0.459529   0.499731   0.493784   0.497476   0.448486   0.464029   0.455642   0.444671   0.502570   0.466424   0.745478   0.725089   0.735948   0.360416   0.449831   0.392225   0.537972   0.465166   0.507644   0.520895   0.412376   0.470107   0.481003   0.513295   0.496737   0.479490   0.505724   0.491943   0.483438   0.500927   0.491271   0.462998   0.481868   0.472380
   3.708250   0.466548   0.488450   0.478426   0.496788   0.502484   0.498761   0.465785   0.482664   0.474617   0.489612   0.511704   0.497521   0.441979   0.470125   0.455481   0.507830   0.499767   0.504912   0.470428   0.453888   0.463578   0.466268   0.523036   0.487110   0.673623   0.677354   0.675359   0.382348   0.487217   0.421684   0.537045   0.470629   0.508462   0.525455   0.419670   0.474753   0.478988   0.509868   0.494318   0.474740   0.501472   0.488030   0.485106   0.500583   0.492249   0.470424   0.486454   0.478205
   3.710000   0.469432   0.488767   0.479632   0.496830   0.503872   0.499212   0.470334   0.476335   0.473309   0.491246   0.520833   0.501747   0.437425   0.470902   0.452509   0.515488   0.503752   0.511262   0.481738   0.449676   0.469692   0.491795   0.539503   0.508866   0.593057   0.635208   0.614124   0.405324   0.521657   0.451694   0.537167   0.475734   0.509845   0.529365   0.427172   0.479251   0.477356   0.506778   0.492227   0.469916   0.497483   0.484194   0.485860   0.499668   0.492460   0.479032   0.491866   0.485232
   3.711750   0.477244   0.489757   0.483563   0.493559   0.503913   0.497062   0.479710   0.464959   0.473316   0.488671   0.529800   0.504467   0.453230   0.480918   0.463804   0.509429   0.495854   0.504003   0.484959   0.452654   0.473704   0.511318   0.545377   0.523174   0.520999   0.600660   0.560571   0.430135   0.553187   0.482476   0.538020   0.479986   0.511334   0.532498   0.434508   0.483360   0.475759   0.503859   0.490256   0.466079   0.494276   0.481131   0.485559   0.498147   0.491821   0.485280   0.495599   0.490327
   3.713500   0.504222   0.504762   0.504404   0.466979   0.490225   0.478157   0.492076   0.472432   0.485265   0.479867   0.514184   0.495048   0.483099   0.499953   0.488602   0.483243   0.486435   0.484609   0.486514   0.461398   0.478226   0.519561   0.539649   0.526380   0.463777   0.571294   0.515451   0.457503   0.582051   0.514070   0.539229   0.483008   0.512485   0.534774   0.441376   0.486894   0.474093   0.501084   0.488349   0.464391   0.492266   0.479531   0.483612   0.495864   0.489989   0.489560   0.497813   0.493684
   3.715250   0.471176   0.490059   0.480250   0.495927   0.487914   0.493375   0.478913   0.502270   0.489265   0.495285   0.509591   0.499688   0.476248   0.487678   0.481007   0.489039   0.473476   0.484105   0.517147   0.524573   0.519618   0.419812   0.544201   0.476661   0.487976   0.608670   0.546337   0.540384   0.484528   0.512886   0.536160   0.447564   0.489732   0.472441   0.498529   0.486567   0.465489   0.491630   0.479789   0.479376   0.492857   0.486733   0.492557   0.498981   0.495854
   3.717000   0.474914   0.490758   0.482302   0.497366   0.495959   0.496935   0.480727   0.497226   0.487800   0.500845   0.515108   0.505084   0.480224   0.493703   0.485562   0.493048   0.487346   0.491296   0.506325   0.502900   0.505192   0.385541   0.517268   0.442202   0.521809   0.633593   0.579025   0.541053   0.484385   0.512170   0.536670   0.452949   0.491821   0.470930   0.496275   0.485000   0.468454   0.491953   0.481372   0.473498   0.489760   0.482743   0.494558   0.499330   0.497084
   3.718750   0.478535   0.491676   0.484457   0.498049   0.500610   0.498818   0.482943   0.494578   0.487737   0.503979   0.518975   0.508315   0.489318   0.502603   0.494254   0.498579   0.502138   0.499646   0.489499   0.478050   0.485724   0.357768   0.489192   0.410711   0.558854   0.657428   0.611843   0.540799   0.482539   0.510046   0.536357   0.457487   0.493165   0.469670   0.494379   0.483716   0.471483   0.492446   0.483126   0.468260   0.487473   0.479483
   3.720500   0.482315   0.492809   0.486871   0.498244   0.503594   0.499820   0.485118   0.492982   0.488226   0.505924   0.521915   0.510441   0.499788   0.512620   0.504222   0.505164   0.516582   0.508499   0.470151   0.454803   0.465068   0.334055   0.459272   0.381275   0.598494   0.680749   0.644511   0.539219   0.479088   0.506341   0.535299   0.461201   0.493815   0.468759   0.492870   0.482766   0.473634   0.492668   0.484380   0.465887   0.486590   0.478131
   3.722250   0.486369   0.494189   0.489630   0.497984   0.505529   0.500180   0.487143   0.491962   0.488969   0.507159   0.524209   0.511878   0.508573   0.521541   0.512735   0.511602   0.528796   0.516493   0.452970   0.437644   0.447880   0.312607   0.427245   0.353212   0.639645   0.703997   0.676757   0.535986   0.474293   0.501042   0.533594   0.464159   0.493857   0.468288   0.491762   0.482191   0.474814   0.492562   0.485044   0.467222   0.487258   0.479098
   3.724000   0.497236   0.506632   0.499955   0.489004   0.491317   0.489846   0.507905   0.525977   0.512820   0.514325   0.527907   0.518401   0.516681   0.537451   0.522427   0.441676   0.428186   0.437221   0.292128   0.393184   0.325965   0.680867   0.727397   0.708261   0.530917   0.468580   0.494344   0.531348   0.466462   0.493399   0.468336   0.491049   0.482015   0.475169   0.492201   0.485211
   3.725750   0.495971   0.506956   0.499161   0.490732   0.490969   0.490818   0.508269   0.527251   0.513358   0.517381   0.531666   0.521434   0.519965   0.542535   0.526040   0.437301   0.425441   0.433445   0.271722   0.357455   0.299106   0.720565   0.750906   0.738615   0.524034   0.462504   0.486663   0.528671   0.468222   0.492554   0.468926   0.490703   0.482230   0.474865   0.491675   0.485009
   3.727500   0.494308   0.506558   0.497915   0.492395   0.490941   0.491915   0.508285   0.527957   0.513505   0.518663   0.533524   0.522689   0.521696   0.544874   0.527769   0.438884   0.427757   0.435349   0.250855   0.320708   0.272385   0.757273   0.774213   0.767316   0.515598   0.456672   0.478585   0.525672   0.469553   0.491437   0.469959   0.490649   0.482761   0.474138   0.491097   0.484600
   3.729250   0.494111   0.491396   0.493252   0.507915   0.527858   0.513181   0.518934   0.534202   0.522916   0.522325   0.545394   0.528218   0.444816   0.433820   0.441422   0.229353   0.283873   0.245803   0.789916   0.796816   0.793834   0.506093   0.451624   0.470770   0.522452   0.470560   0.490152   0.471220   0.490776   0.483468
   3.731000   0.496042   0.492745   0.495050   0.507051   0.526501   0.512197   0.518671   0.534188   0.522591   0.522254   0.544810   0.527879   0.453488   0.442657   0.450255   0.207401   0.248095   0.219648   0.817964   0.818146   0.817726   0.496153   0.447735   0.463808   0.519108   0.471335   0.488793
   3.732750   0.498291   0.495613   0.497528   0.505604   0.523427   0.510361   0.518136   0.533770   0.521979   0.521765   0.543593   0.527087   0.463459   0.453400   0.460567   0.185496   0.214577   0.194463   0.841417   0.837710   0.838735   0.486432   0.445163   0.458110   0.515726   0.471954   0.487435
   3.734500   0.500641   0.500175   0.500515   0.503776   0.518959   0.507868   0.517472   0.533111   0.521225   0.521045   0.542038   0.526055   0.473499   0.465154   0.471196   0.164336   0.184360   0.170923   0.860673   0.855193   0.856826   0.477490   0.443867   0.453856   0.512381   0.472478   0.486137
   3.736250   0.502100   0.514468   0.505442   0.516754   0.532305   0.520407   0.520207   0.540321   0.524912   0.482676   0.477008   0.481177   0.144643   0.158109   0.149656   0.876333   0.870486   0.872166   0.469712   0.443671   0.451021   0.509133   0.472950   0.484943
   3.738000   0.516024   0.531407   0.519568   0.519322   0.538549   0.523735   0.490411   0.488154   0.489840   0.126984   0.136019   0.131080   0.889049   0.883659   0.885047   0.463289   0.444336   0.449439   0.506034   0.473403   0.483881
   3.739750   0.515305   0.530452   0.518734   0.518431   0.536782   0.522570   0.496478   0.497994   0.496851   0.111669   0.117872   0.115331   0.899418   0.894896   0.895820   0.458246   0.445623   0.448881   0.503119   0.473856   0.482967
   3.741500   0.517561   0.535057   0.521442   0.500926   0.506201   0.502167   0.098737   0.103185   0.102288   0.907947   0.904437   0.904831   0.454494   0.447321   0.449107
   3.743250   0.503967   0.512697   0.505947   0.088028   0.091369   0.091659   0.915037   0.912535   0.912395   0.451878   0.449263   0.449901
   3.745000   0.505877   0.517582   0.508446   0.079267   0.081855   0.083080   0.921000   0.919423   0.918781   0.450217   0.451325   0.451086
   3.746750   0.506929   0.521059   0.509940   0.072144   0.074144   0.076184   0.926075   0.925306   0.924208   0.449334   0.453420   0.452521
   3.748500   0.507358   0.523369   0.510682   0.066363   0.067835   0.070641   0.930441   0.930358   0.928855   0.449065   0.455489   0.454102
   3.750250   0.061664   0.062616   0.066178   0.934236   0.934722   0.932862   0.449270   0.457495   0.455756
   3.752000   0.057833   0.058250   0.062572   0.937565   0.938512   0.936341   0.449833   0.459415   0.457428
   3.753750   0.054696   0.054557   0.059648   0.940511   0.941823   0.939383
   3.755500   0.052117   0.051401   0.057272   0.943137   0.944732   0.942057
   3.757250   0.049988   0.048681   0.055336   0.945493   0.947300   0.944422
   3.759000   0.048226   0.046317   0.053760   0.947620   0.949578   0.946523
   3.760750   0.046765   0.044248   0.052479   0.949550   0.951607   0.948397
   3.762500   0.045553   0.042428   0.051443   0.951311   0.953422   0.950077
   3.764250   0.044548   0.040817   0.050612   0.952924   0.955051   0.951587
   3.766000   0.043717   0.039387   0.049953   0.954407   0.956517   0.952949
   3.767750   0.043034   0.038111   0.049441   0.955776   0.957842   0.954181
   3.769500   0.042476   0.036970   0.049053   0.957043   0.959040   0.955298
   3.771250   0.042027   0.035948   0.048774   0.958221   0.960128   0.956313
   3.773000   0.041670   0.035029   0.048588   0.959317   0.961117   0.957236
   3.774750   0.041393   0.034202   0.048484   0.960340   0.962018   0.958078
   3.776500   0.041187   0.033458   0.048450   0.961298   0.962841   0.958847
   3.778250   0.041043   0.032787   0.048479   0.962195   0.963592   0.959549
   3.780000   0.040952   0.032182   0.048563   0.963039   0.964279   0.960191
   3.781750   0.040910   0.031636   0.048695   0.963833   0.964909   0.960779
   3.783500   0.040909   0.031145   0.048871   0.964581   0.965485   0.961317
   3.785250   0.040946   0.030702   0.049085   0.965288   0.966014   0.961810
   3.787000   0.041017   0.030304   0.049333   0.965956   0.966500   0.962262
   3.788750   0.041117   0.029947   0.049612   0.966588   0.966945   0.962675
   3.790500   0.041245   0.029627   0.049919   0.967188   0.967354   0.963052
   3.792250   0.041396   0.029341   0.050250   0.967757   0.967729   0.963398
   3.794000   0.041569   0.029087   0.050603   0.968297   0.968073   0.963713
   3.795750   0.041761   0.028862   0.050976   0.968811   0.968389   0.964001
   3.797500   0.041971   0.028663   0.051368   0.969300   0.968678   0.964262
   3.799250   0.042197   0.028490   0.051775   0.969766   0.968942   0.964500
   3.801000   0.970211   0.969184   0.964715
   3.802750   0.970635   0.969405   0.964909
   3.804500   0.971040   0.969606   0.965084
   3.806250   0.971427   0.969788   0.965241
   3.808000   0.971797   0.969954   0.965380
   3.809750   0.972150   0.970103   0.965503
   3.811500   0.972489   0.970238   0.965612
   3.813250   0.972813   0.970358   0.965705
   3.815000   0.973124   0.970465   0.965786
   3.816750   0.973422   0.970560   0.965854
   3.818500   0.973708   0.970643   0.965910
   3.820250   0.973982   0.970715   0.965955
   3.822000   0.974245   0.970776   0.965989
   3.823750   0.974497   0.970828   0.966013
   3.825500   0.974739   0.970871   0.966027
   3.827250   0.974972   0.970905   0.966032
   3.829000   0.975196   0.970930   0.966029
   3.830750   0.975410   0.970948   0.966018
   3.832500   0.975617   0.970958   0.965999
   3.834250   0.975815   0.970961   0.965972
   3.836000   0.976006   0.970958   0.965938
   3.837750   0.976190   0.970948   0.965898
   3.839500   0.976366   0.970932   0.965851
   3.841250   0.976536   0.970910   0.965799
   3.843000   0.976699   0.970883   0.965740
   3.844750   0.976856   0.970851   0.965676
   3.846500   0.977007   0.970814   0.965606
   3.848250   0.977152   0.970772   0.965532
   3.850000   0.977292   0.970725   0.965453
