   2.450000   0.034556
   2.451750   0.034557
   2.453500   0.034557
   2.455250   0.034556
   2.457000   0.034553
   2.458750   0.034548
   2.460500   0.034542
   2.462250   0.034534
   2.464000   0.034525
   2.465750   0.034514
   2.467500   0.034502
   2.469250   0.034488
   2.471000   0.034473
   2.472750   0.034456
   2.474500   0.034437
   2.476250   0.034417
   2.478000   0.034396
   2.479750   0.034373
   2.481500   0.034349
   2.483250   0.013021   0.034323
   2.485000   0.013109   0.034295
   2.486750   0.013199   0.034266
   2.488500   0.013293   0.034236
   2.490250   0.013390   0.034204
   2.492000   0.013490   0.034171
   2.493750   0.013593   0.034136
   2.495500   0.013700   0.034099
   2.497250   0.013810   0.034061
   2.499000   0.013924   0.034021
   2.500750   0.014041   0.033980
   2.502500   0.014161   0.033937
   2.504250   0.014285   0.033893
   2.506000   0.014413   0.033847
   2.507750   0.014544   0.033800
   2.509500   0.014679   0.033750
   2.511250   0.014817   0.033699
   2.513000   0.014959   0.033646
   2.514750   0.015105   0.033592
   2.516500   0.015255   0.033535
   2.518250   0.015409   0.033477
   2.520000   0.015568   0.033416
   2.521750   0.015730   0.033353
   2.523500   0.015897   0.033288
   2.525250   0.016069   0.033220
   2.527000   0.016245   0.033149
   2.528750   0.016427   0.033076
   2.530500   0.016615   0.032999   0.040749
   2.532250   0.016808   0.032918   0.040218
   2.534000   0.017008   0.032834   0.039695
   2.535750   0.013314   0.017214   0.032745   0.039183
   2.537500   0.013799   0.017429   0.032651   0.038681
   2.539250   0.014270   0.017652   0.032551   0.038192
   2.541000   0.013111   0.014725   0.017884   0.032445   0.037718
   2.542750   0.013110   0.013588   0.015161   0.018126   0.032332   0.037260
   2.544500   0.013578   0.014057   0.015578   0.018378   0.032210   0.036820   0.040736
   2.546250   0.013062   0.014039   0.014518   0.015973   0.018642   0.032080   0.036402   0.040403
   2.548000   0.013170   0.013453   0.014490   0.014969   0.016344   0.018915   0.031941   0.036009   0.040089
   2.549750   0.013554   0.013844   0.014931   0.015411   0.016690   0.019197   0.031792   0.035642   0.039795
   2.551500   0.013910   0.014238   0.015360   0.015842   0.017012   0.019485   0.031633   0.035306   0.039520
   2.553250   0.014238   0.014634   0.015776   0.016262   0.017312   0.019776   0.031466   0.035003   0.039267   0.040912
   2.555000   0.013038   0.014538   0.015029   0.016177   0.016669   0.017591   0.020063   0.031294   0.034734   0.039034   0.040665   0.040956
   2.556750   0.013374   0.014812   0.015419   0.016558   0.017062   0.017853   0.020342   0.031120   0.034500   0.038824   0.040432   0.040727
   2.558500   0.013715   0.015060   0.015803   0.016914   0.017441   0.018105   0.020605   0.030950   0.034303   0.038636   0.040212   0.040522
   2.560250   0.014057   0.015282   0.016178   0.017240   0.017803   0.018353   0.020847   0.030791   0.034141   0.038469   0.040007   0.040340   0.040904
   2.562000   0.013094   0.014394   0.015475   0.016543   0.017528   0.018150   0.018603   0.021060   0.030651   0.034012   0.038324   0.039820   0.040181   0.040714
   2.563750   0.013193   0.014723   0.015640   0.016896   0.017771   0.018481   0.018861   0.021238   0.030538   0.033917   0.038200   0.039652   0.040042   0.040528
   2.565500   0.013263   0.015042   0.015777   0.017236   0.017968   0.018797   0.019126   0.021377   0.030460   0.033852   0.038098   0.039507   0.039918   0.040356   0.040958
   2.567250   0.013307   0.015346   0.015884   0.017560   0.018123   0.019097   0.019392   0.021473   0.030422   0.033816   0.038015   0.039384   0.039803   0.040213   0.040883
   2.569000   0.013067   0.013326   0.015626   0.015970   0.017862   0.018245   0.019379   0.019654   0.021528   0.030429   0.033809   0.037952   0.039285   0.039692   0.040109   0.040833
   2.570750   0.013281   0.013384   0.015843   0.016069   0.018123   0.018357   0.019636   0.019905   0.021547   0.030483   0.033828   0.037909   0.039209   0.039590   0.040048   0.040806
   2.572500   0.013266   0.013632   0.015921   0.016257   0.018279   0.018524   0.019860   0.020140   0.021545   0.030583   0.033872   0.037884   0.039154   0.039504   0.040025   0.040795
   2.574250   0.013208   0.013883   0.015909   0.016482   0.018333   0.018744   0.020034   0.020359   0.021541   0.030724   0.033940   0.037878   0.039116   0.039447   0.040034   0.040792
   2.576000   0.013126   0.014119   0.015852   0.016697   0.018342   0.018955   0.020142   0.020561   0.021563   0.030902   0.034031   0.037890   0.039095   0.039426   0.040070   0.040784
   2.577750   0.013021   0.014338   0.015758   0.016891   0.018322   0.019131   0.020178   0.020747   0.021632   0.031110   0.034144   0.037921   0.039090   0.039443   0.040128   0.040755
   2.579500   0.014538   0.015633   0.017058   0.018275   0.019251   0.020170   0.020917   0.021748   0.031339   0.034279   0.037972   0.039104   0.039494   0.040203   0.040719
   2.581250   0.014716   0.015479   0.017192   0.018198   0.019296   0.020166   0.021069   0.021897   0.031582   0.034435   0.038043   0.039143   0.039576   0.040285   0.040702
   2.583000   0.014864   0.015306   0.017289   0.018085   0.019264   0.020199   0.021204   0.022066   0.031829   0.034615   0.038135   0.039207   0.039685   0.040363   0.040731
   2.584750   0.014934   0.015161   0.017340   0.017930   0.019193   0.020261   0.021319   0.022244   0.032073   0.034819   0.038250   0.039299   0.039815   0.040432   0.040819
   2.586500   0.014787   0.015184   0.017330   0.017744   0.019122   0.020331   0.021416   0.022427   0.032304   0.035049   0.038387   0.039417   0.039961   0.040504   0.040956
   2.588250   0.014544   0.015256   0.017207   0.017581   0.019068   0.020394   0.021493   0.022611   0.032516   0.035307   0.038549   0.039561   0.040120   0.040598
   2.590000   0.014270   0.015312   0.016945   0.017486   0.019033   0.020445   0.021551   0.022795   0.032705   0.035595   0.038734   0.039729   0.040287   0.040726
   2.591750   0.013977   0.015342   0.016601   0.017416   0.019010   0.020480   0.021590   0.022980   0.032866   0.035911   0.038943   0.039919   0.040461   0.040892
   2.593500   0.013671   0.015346   0.016216   0.017347   0.018989   0.020497   0.021610   0.023163   0.032999   0.036255   0.039176   0.040129   0.040644
   2.595250   0.013369   0.015320   0.015807   0.017276   0.018965   0.020497   0.021612   0.023347   0.033106   0.036623   0.039430   0.040357   0.040842
   2.597000   0.013123   0.015243   0.015407   0.017202   0.018934   0.020480   0.021595   0.023530   0.033188   0.037012   0.039704   0.040602
   2.598750   0.013006   0.014902   0.015236   0.017125   0.018892   0.020447   0.021561   0.023712   0.033248   0.037420   0.039997   0.040862
   2.600500   0.014456   0.015142   0.017043   0.018839   0.020399   0.021510   0.023895   0.033289   0.037843   0.040307
   2.602250   0.013997   0.015041   0.016957   0.018774   0.020336   0.021443   0.024077   0.033313   0.038279   0.040632
   2.604000   0.013537   0.014929   0.016865   0.018697   0.020260   0.021361   0.024260   0.033323   0.038726   0.040971
   2.605750   0.013092   0.014810   0.016766   0.018608   0.020171   0.021265   0.024443   0.033320   0.039181
   2.607500   0.014684   0.016659   0.018509   0.020070   0.021156   0.024625   0.033307   0.039643
   2.609250   0.014552   0.016544   0.018399   0.019957   0.021036   0.024808   0.033285   0.040111
   2.611000   0.014415   0.016422   0.018278   0.019833   0.020903   0.024992   0.033255   0.040584
   2.612750   0.014272   0.016291   0.018149   0.019698   0.020760   0.025175   0.033218
   2.614500   0.014125   0.016152   0.018011   0.019555   0.020608   0.025359   0.033175
   2.616250   0.013972   0.016006   0.017864   0.019402   0.020446   0.025543   0.033127
   2.618000   0.013813   0.015853   0.017710   0.019241   0.020276   0.025728   0.033074
   2.619750   0.013649   0.015693   0.017548   0.019072   0.020099   0.025913   0.033017
   2.621500   0.013480   0.015527   0.017379   0.018896   0.019914   0.026098   0.032957
   2.623250   0.013306   0.015355   0.017203   0.018713   0.019722   0.026284   0.032893
   2.625000   0.013127   0.015177   0.017022   0.018523   0.019525   0.026471   0.032827
   2.626750   0.014994   0.016834   0.018328   0.019321   0.026657   0.032758
   2.628500   0.014805   0.016641   0.018128   0.019112   0.026845   0.032686
   2.630250   0.014612   0.016443   0.017922   0.018899   0.027033   0.032613
   2.632000   0.014414   0.016241   0.017711   0.018680   0.027221   0.032537
   2.633750   0.014212   0.016033   0.017496   0.018458   0.027410   0.032459
   2.635500   0.014005   0.015822   0.017277   0.018231   0.027599   0.032380
   2.637250   0.013795   0.015606   0.017054   0.018001   0.027789   0.032300
   2.639000   0.013581   0.015387   0.016827   0.017767   0.027980   0.032217
   2.640750   0.013363   0.015164   0.016597   0.017530   0.028171   0.032134
   2.642500   0.013143   0.014938   0.016363   0.017290   0.028362   0.032049
   2.644250   0.014709   0.016127   0.017047   0.028554   0.031963
   2.646000   0.014476   0.015887   0.016801   0.028747   0.031876
   2.647750   0.014241   0.015645   0.016553   0.028940   0.031788
   2.649500   0.014003   0.015400   0.016303   0.029134   0.031699
   2.651250   0.013763   0.015153   0.016050   0.029328   0.031609
   2.653000   0.013520   0.014904   0.015795   0.029523   0.031518
   2.654750   0.013275   0.014653   0.015538   0.029718   0.031426
   2.656500   0.013028   0.014399   0.015279   0.029914   0.031333
   2.658250   0.014144   0.015019   0.030110   0.031240
   2.660000   0.013887   0.014757   0.030307   0.031146
   2.661750   0.013628   0.014493   0.030504   0.031051
   2.663500   0.013367   0.014227   0.030702   0.030955
   2.665250   0.013105   0.013961   0.030859   0.030900
   2.667000   0.013692   0.030761   0.031099
   2.668750   0.013423   0.030664   0.031299
   2.670500   0.013152   0.030565   0.031498
   2.672250   0.030467   0.031699
   2.674000   0.030367   0.031900
   2.675750   0.030267   0.032101
   2.677500   0.030166   0.032302
   2.679250   0.030065   0.032505
   2.681000   0.029963   0.032707
   2.682750   0.029861   0.032910
   2.684500   0.029758   0.033114
   2.686250   0.029655   0.033318
   2.688000   0.029551   0.033522
   2.689750   0.029447   0.033727
   2.691500   0.029342   0.033932
   2.693250   0.029237   0.034138
   2.695000   0.029131   0.034344
   2.696750   0.029025   0.034550
   2.698500   0.028919   0.034757
   2.700250   0.028812   0.034964
   2.702000   0.028704   0.035171
   2.703750   0.028596   0.035379
   2.705500   0.028488   0.035587
   2.707250   0.028379   0.035796
   2.709000   0.028270   0.036004
   2.710750   0.028160   0.036213
   2.712500   0.028050   0.036423
   2.714250   0.027940   0.036633
   2.716000   0.027829   0.036843
   2.717750   0.027718   0.037053
   2.719500   0.027607   0.037264
   2.721250   0.027495   0.037474
   2.723000   0.027382   0.037685
   2.724750   0.027270   0.037897
   2.726500   0.027157   0.038108
   2.728250   0.027043   0.038320
   2.730000   0.026929   0.038532
   2.731750   0.026815   0.038744
   2.733500   0.026701   0.038957
   2.735250   0.026586   0.039169
   2.737000   0.026471   0.039382
   2.738750   0.026355   0.039595
   2.740500   0.026239   0.039808
   2.742250   0.026123   0.040021
   2.744000   0.026006   0.040235
   2.745750   0.025889   0.040448
   2.747500   0.025772   0.040662
   2.749250   0.025654   0.040876
   2.751000   0.025536
   2.752750   0.025418
   2.754500   0.025299
   2.756250   0.025180
   2.758000   0.025061
   2.759750   0.024942
   2.761500   0.024822
   2.763250   0.024701
   2.765000   0.024581
   2.766750   0.024460
   2.768500   0.024339
   2.770250   0.024217
   2.772000   0.024096
   2.773750   0.023973
   2.775500   0.023851
   2.777250   0.023728
   2.779000   0.023605
   2.780750   0.023482
   2.782500   0.023358
   2.784250   0.023235
   2.786000   0.023110
   2.787750   0.022986
   2.789500   0.022861
   2.791250   0.022736
   2.793000   0.022611
   2.794750   0.022485
   2.796500   0.022359
   2.798250   0.022233
   2.800000   0.022106
   2.801750   0.021980
   2.803500   0.021853
   2.805250   0.021725
   2.807000   0.021598
   2.808750   0.021470
   2.810500   0.021342
   2.812250   0.021213
   2.814000   0.021085
   2.815750   0.020956
   2.817500   0.020826
   2.819250   0.020697
   2.821000   0.020567
   2.822750   0.020437
   2.824500   0.020307
   2.826250   0.020176
   2.828000   0.020046
   2.829750   0.019915
   2.831500   0.019783
   2.833250   0.019652
   2.835000   0.019520
   2.836750   0.019388
   2.838500   0.019256
   2.840250   0.019123
   2.842000   0.018990
   2.843750   0.018857
   2.845500   0.018724
   2.847250   0.018590
   2.849000   0.018457
   2.850750   0.018323
   2.852500   0.018188
   2.854250   0.018054
   2.856000   0.017919
   2.857750   0.017784
   2.859500   0.017649
   2.861250   0.017513
   2.863000   0.017378
   2.864750   0.017242
   2.866500   0.017106
   2.868250   0.016969
   2.870000   0.016833
   2.871750   0.016696
   2.873500   0.016559
   2.875250   0.016422
   2.877000   0.016284
   2.878750   0.016147
   2.880500   0.016009
   2.882250   0.015871
   2.884000   0.015732
   2.885750   0.015594
   2.887500   0.015455
   2.889250   0.015316
   2.891000   0.015177
   2.892750   0.015037
   2.894500   0.014898
   2.896250   0.014758
   2.898000   0.014618
   2.899750   0.014478
   2.901500   0.014337
   2.903250   0.014196
   2.905000   0.014056
   2.906750   0.013915
   2.908500   0.013773
   2.910250   0.013632
   2.912000   0.013490
   2.913750   0.013348
   2.915500   0.013206
   2.917250   0.013064
   2.919000
   2.920750
   2.922500
   2.924250
   2.926000
   2.927750
   2.929500
   2.931250
   2.933000
   2.934750
   2.936500
   2.938250
   2.940000
   2.941750
   2.943500
   2.945250
   2.947000
   2.948750
   2.950500
   2.952250
   2.954000
   2.955750
   2.957500
   2.959250
   2.961000
   2.962750
   2.964500
   2.966250
   2.968000
   2.969750
   2.971500
   2.973250
   2.975000
   2.976750
   2.978500
   2.980250
   2.982000
   2.983750
   2.985500
   2.987250
   2.989000
   2.990750
   2.992500
   2.994250
   2.996000
   2.997750
   2.999500
   3.001250
   3.003000
   3.004750
   3.006500
   3.008250
   3.010000
   3.011750
   3.013500
   3.015250
   3.017000
   3.018750
   3.020500
   3.022250
   3.024000
   3.025750
   3.027500
   3.029250
   3.031000
   3.032750
   3.034500
   3.036250
   3.038000
   3.039750
   3.041500
   3.043250
   3.045000
   3.046750
   3.048500
   3.050250
   3.052000
   3.053750
   3.055500
   3.057250
   3.059000
   3.060750
   3.062500
   3.064250
   3.066000
   3.067750
   3.069500
   3.071250
   3.073000
   3.074750
   3.076500
   3.078250
   3.080000
   3.081750
   3.083500
   3.085250
   3.087000
   3.088750
   3.090500
   3.092250
   3.094000
   3.095750
   3.097500
   3.099250
   3.101000
   3.102750
   3.104500
   3.106250
   3.108000
   3.109750
   3.111500
   3.113250
   3.115000
   3.116750
   3.118500
   3.120250
   3.122000
   3.123750
   3.125500
   3.127250
   3.129000
   3.130750
   3.132500
   3.134250
   3.136000
   3.137750
   3.139500
   3.141250
   3.143000
   3.144750
   3.146500
   3.148250
   3.150000
   3.151750
   3.153500
   3.155250
   3.157000
   3.158750
   3.160500
   3.162250
   3.164000
   3.165750
   3.167500
   3.169250
   3.171000
   3.172750
   3.174500
   3.176250
   3.178000
   3.179750
   3.181500
   3.183250
   3.185000
   3.186750
   3.188500
   3.190250
   3.192000
   3.193750
   3.195500
   3.197250
   3.199000
   3.200750
   3.202500
   3.204250
   3.206000
   3.207750
   3.209500
   3.211250
   3.213000
   3.214750
   3.216500
   3.218250
   3.220000
   3.221750
   3.223500
   3.225250
   3.227000
   3.228750
   3.230500
   3.232250
   3.234000
   3.235750
   3.237500
   3.239250
   3.241000
   3.242750
   3.244500
   3.246250
   3.248000
   3.249750
   3.251500
   3.253250
   3.255000
   3.256750
   3.258500
   3.260250
   3.262000
   3.263750
   3.265500
   3.267250
   3.269000
   3.270750
   3.272500
   3.274250
   3.276000
   3.277750
   3.279500
   3.281250
   3.283000
   3.284750
   3.286500
   3.288250
   3.290000
   3.291750
   3.293500
   3.295250
   3.297000
   3.298750
   3.300500
   3.302250
   3.304000
   3.305750
   3.307500
   3.309250
   3.311000
   3.312750
   3.314500
   3.316250
   3.318000
   3.319750
   3.321500
   3.323250
   3.325000
   3.326750
   3.328500
   3.330250
   3.332000
   3.333750
   3.335500
   3.337250
   3.339000
   3.340750
   3.342500
   3.344250
   3.346000
   3.347750
   3.349500
   3.351250
   3.353000
   3.354750
   3.356500
   3.358250
   3.360000
   3.361750
   3.363500
   3.365250   0.013009
   3.367000   0.013151
   3.368750   0.013293
   3.370500   0.013435
   3.372250   0.013576
   3.374000   0.013718
   3.375750   0.013859
   3.377500   0.014000
   3.379250   0.014141
   3.381000   0.014282
   3.382750   0.014423
   3.384500   0.014563
   3.386250   0.014703
   3.388000   0.014843
   3.389750   0.014983
   3.391500   0.015122
   3.393250   0.015261
   3.395000   0.015400
   3.396750   0.015539
   3.398500   0.015678
   3.400250   0.015816
   3.402000   0.015955
   3.403750   0.016093
   3.405500   0.016230
   3.407250   0.016368
   3.409000   0.016505
   3.410750   0.016642
   3.412500   0.016779
   3.414250   0.016916
   3.416000   0.017052
   3.417750   0.017189
   3.419500   0.017325
   3.421250   0.017460
   3.423000   0.017596
   3.424750   0.017731
   3.426500   0.017866
   3.428250   0.018001
   3.430000   0.018136
   3.431750   0.018270
   3.433500   0.018404
   3.435250   0.018538
   3.437000   0.018672
   3.438750   0.018805
   3.440500   0.018938
   3.442250   0.019071
   3.444000   0.019204
   3.445750   0.019336
   3.447500   0.019468
   3.449250   0.019600
   3.451000   0.019732
   3.452750   0.019863
   3.454500   0.019994
   3.456250   0.020125
   3.458000   0.020256
   3.459750   0.020386
   3.461500   0.020516
   3.463250   0.020646
   3.465000   0.020776
   3.466750   0.020905
   3.468500   0.021034
   3.470250   0.021163
   3.472000   0.021291
   3.473750   0.021420
   3.475500   0.021548
   3.477250   0.021675
   3.479000   0.021803
   3.480750   0.021930
   3.482500   0.022057
   3.484250   0.022183
   3.486000   0.022310
   3.487750   0.022436
   3.489500   0.022562
   3.491250   0.022687
   3.493000   0.022812
   3.494750   0.022937
   3.496500   0.023062
   3.498250   0.023186
   3.500000   0.023310
   3.501750   0.023434
   3.503500   0.023557
   3.505250   0.023680
   3.507000   0.023803
   3.508750   0.023926
   3.510500   0.024048
   3.512250   0.024170
   3.514000   0.024291
   3.515750   0.024413
   3.517500   0.024534
   3.519250   0.024654
   3.521000   0.024775
   3.522750   0.024895
   3.524500   0.025014
   3.526250   0.025134
   3.528000   0.025253
   3.529750   0.025372
   3.531500   0.025490
   3.533250   0.025608   0.040959
   3.535000   0.025726   0.040746
   3.536750   0.025843   0.040532
   3.538500   0.025960   0.040318
   3.540250   0.026077   0.040105
   3.542000   0.026194   0.039892
   3.543750   0.026310   0.039679
   3.545500   0.026425   0.039466
   3.547250   0.026541   0.039253
   3.549000   0.026656   0.039040
   3.550750   0.026770   0.038828
   3.552500   0.026885   0.038615
   3.554250   0.026999   0.038403
   3.556000   0.027112   0.038191
   3.557750   0.027225   0.037980
   3.559500   0.027338   0.037768
   3.561250   0.027451   0.037557
   3.563000   0.027563   0.037346
   3.564750   0.027674   0.037135
   3.566500   0.027786   0.036925
   3.568250   0.027897   0.036715
   3.570000   0.028007   0.036505
   3.571750   0.028117   0.036295
   3.573500   0.028227   0.036086
   3.575250   0.028336   0.035877
   3.577000   0.028445   0.035669
   3.578750   0.028554   0.035460
   3.580500   0.028662   0.035252
   3.582250   0.028770   0.035045
   3.584000   0.028877   0.034838
   3.585750   0.028983   0.034631
   3.587500   0.029090   0.034424
   3.589250   0.029196   0.034218
   3.591000   0.029301   0.034012
   3.592750   0.029406   0.033807
   3.594500   0.029510   0.033602
   3.596250   0.029614   0.033398
   3.598000   0.029718   0.033194
   3.599750   0.029821   0.032990
   3.601500   0.029923   0.032787
   3.603250   0.030025   0.032584
   3.605000   0.030127   0.032382
   3.606750   0.030228   0.032180
   3.608500   0.030328   0.031978
   3.610250   0.030428   0.031777
   3.612000   0.013046   0.030527   0.031577
   3.613750   0.013317   0.030625   0.031377
   3.615500   0.013587   0.030723   0.031177
   3.617250   0.013002   0.013856   0.030821   0.030978
   3.619000   0.013265   0.014123   0.030780   0.030917
   3.620750   0.013526   0.014389   0.030582   0.031013
   3.622500   0.013785   0.014654   0.030384   0.031108
   3.624250   0.014043   0.014916   0.030187   0.031203
   3.626000   0.014299   0.015178   0.029991   0.031297
   3.627750   0.013179   0.014554   0.015437   0.029795   0.031390
   3.629500   0.013425   0.014806   0.015695   0.029599   0.031482
   3.631250   0.013668   0.015056   0.015950   0.029404   0.031573
   3.633000   0.013909   0.015304   0.016204   0.029210   0.031664
   3.634750   0.014148   0.015550   0.016455   0.029016   0.031753
   3.636500   0.014384   0.015793   0.016705   0.028823   0.031842
   3.638250   0.014618   0.016033   0.016951   0.028630   0.031929
   3.640000   0.013055   0.014848   0.016271   0.017195   0.028438   0.032016
   3.641750   0.013277   0.015076   0.016506   0.017436   0.028246   0.032101
   3.643500   0.013496   0.015300   0.016737   0.017675   0.028055   0.032185
   3.645250   0.013711   0.015521   0.016965   0.017910   0.027864   0.032268
   3.647000   0.013923   0.015738   0.017190   0.018142   0.027674   0.032349
   3.648750   0.014131   0.015951   0.017411   0.018370   0.027484   0.032429
   3.650500   0.014335   0.016160   0.017628   0.018594   0.027295   0.032507
   3.652250   0.014535   0.016365   0.017840   0.018814   0.027106   0.032583
   3.654000   0.014730   0.016564   0.018048   0.019029   0.026918   0.032658
   3.655750   0.014920   0.016759   0.018250   0.019240   0.026731   0.032730
   3.657500   0.013055   0.015106   0.016949   0.018448   0.019446   0.026544   0.032800
   3.659250   0.013236   0.015286   0.017133   0.018639   0.019646   0.026357   0.032868
   3.661000   0.013413   0.015461   0.017311   0.018825   0.019840   0.026171   0.032932
   3.662750   0.013584   0.015629   0.017482   0.019004   0.020027   0.025985   0.032994
   3.664500   0.013750   0.015791   0.017647   0.019176   0.020208   0.025800   0.033052
   3.666250   0.013910   0.015947   0.017804   0.019340   0.020381   0.025615   0.033107
   3.668000   0.014065   0.016096   0.017954   0.019496   0.020546   0.025431   0.033157
   3.669750   0.014215   0.016237   0.018096   0.019643   0.020702   0.025247   0.033202
   3.671500   0.014359   0.016371   0.018229   0.019781   0.020849   0.025063   0.033241   0.040770
   3.673250   0.014499   0.016497   0.018353   0.019909   0.020985   0.024880   0.033274   0.040296
   3.675000   0.014633   0.016615   0.018467   0.020027   0.021111   0.024697   0.033299   0.039826
   3.676750   0.014761   0.016725   0.018571   0.020133   0.021224   0.024514   0.033316   0.039361
   3.678500   0.013359   0.014883   0.016827   0.018664   0.020227   0.021325   0.024331   0.033323   0.038903
   3.680250   0.013817   0.014998   0.016922   0.018745   0.020308   0.021412   0.024149   0.033318   0.038453   0.040764
   3.682000   0.014277   0.015104   0.017010   0.018815   0.020376   0.021485   0.023966   0.033300   0.038013   0.040433
   3.683750   0.014730   0.015199   0.017093   0.018873   0.020430   0.021542   0.023784   0.033266   0.037584   0.040116   0.040968
   3.685500   0.013063   0.015146   0.015307   0.017172   0.018919   0.020469   0.021583   0.023601   0.033214   0.037170   0.039816   0.040702
   3.687250   0.013260   0.015300   0.015645   0.017248   0.018954   0.020492   0.021607   0.023418   0.033141   0.036773   0.039535   0.040451   0.040925
   3.689000   0.013551   0.015339   0.016058   0.017320   0.018981   0.020499   0.021613   0.023235   0.033044   0.036396   0.039273   0.040217   0.040720
   3.690750   0.013858   0.015347   0.016454   0.017389   0.019002   0.020488   0.021600   0.023052   0.032922   0.036042   0.039032   0.039999   0.040531   0.040968
   3.692500   0.014157   0.015327   0.016817   0.017457   0.019023   0.020461   0.021569   0.022868   0.032771   0.035715   0.038813   0.039801   0.040355   0.040787
   3.694250   0.014439   0.015280   0.017119   0.017538   0.019053   0.020416   0.021518   0.022683   0.032593   0.035416   0.038619   0.039624   0.040185   0.040644
   3.696000   0.014697   0.015212   0.017299   0.017673   0.019098   0.020357   0.021448   0.022499   0.032390   0.035147   0.038448   0.039471   0.040023   0.040537
   3.697750   0.014900   0.015152   0.017345   0.017859   0.019164   0.020288   0.021359   0.022315   0.032165   0.034906   0.038301   0.039342   0.039870   0.040458   0.040868
   3.699500   0.014907   0.015239   0.017315   0.018029   0.019239   0.020221   0.021251   0.022135   0.031925   0.034692   0.038177   0.039240   0.039733   0.040391   0.040758
   3.701250   0.014778   0.015413   0.017235   0.018158   0.019291   0.020174   0.021124   0.021962   0.031679   0.034503   0.038077   0.039165   0.039616   0.040317   0.040707
   3.703000   0.014610   0.015576   0.017115   0.018248   0.019279   0.020165   0.020979   0.021803   0.031433   0.034337   0.037997   0.039116   0.039523   0.040235   0.040708
   3.704750   0.014419   0.015713   0.016960   0.018306   0.019186   0.020177   0.020815   0.021672   0.031197   0.034194   0.037939   0.039093   0.039459   0.040156   0.040741
   3.706500   0.013087   0.014207   0.015819   0.016776   0.018337   0.019029   0.020163   0.020636   0.021584   0.030980   0.034073   0.037900   0.039091   0.039428   0.040090   0.040775
   3.708250   0.013179   0.013977   0.015891   0.016569   0.018340   0.018829   0.020085   0.020440   0.021545   0.030790   0.033973   0.037880   0.039106   0.039435   0.040045   0.040791
   3.710000   0.013247   0.013732   0.015923   0.016345   0.018308   0.018608   0.019935   0.020228   0.021542   0.030633   0.033896   0.037879   0.039137   0.039478   0.040025   0.040794
   3.711750   0.013285   0.013476   0.015891   0.016132   0.018201   0.018411   0.019729   0.019999   0.021548   0.030517   0.033842   0.037897   0.039185   0.039554   0.040034   0.040800
   3.713500   0.013173   0.013331   0.015723   0.016003   0.017971   0.018287   0.019483   0.019754   0.021539   0.030445   0.033813   0.037933   0.039253   0.039651   0.040080   0.040820
   3.715250   0.013317   0.015459   0.015920   0.017681   0.018174   0.019210   0.019496   0.021499   0.030419   0.033810   0.037988   0.039343   0.039759   0.040167   0.040860
   3.717000   0.013284   0.015163   0.015822   0.017365   0.018033   0.018917   0.019230   0.021419   0.030440   0.033834   0.038063   0.039456   0.039872   0.040296   0.040925
   3.718750   0.013224   0.014850   0.015697   0.017031   0.017853   0.018607   0.018964   0.021297   0.030503   0.033888   0.038158   0.039593   0.039992   0.040459
   3.720500   0.013136   0.014524   0.015543   0.016683   0.017629   0.018282   0.018703   0.021134   0.030603   0.033971   0.038273   0.039752   0.040125   0.040641
   3.722250   0.013019   0.014189   0.015361   0.016322   0.017358   0.017941   0.018450   0.020934   0.030734   0.034086   0.038410   0.039931   0.040276   0.040830
   3.724000   0.013849   0.015150   0.015951   0.017046   0.017585   0.018202   0.020703   0.030886   0.034235   0.038568   0.040129   0.040448
   3.725750   0.013507   0.014913   0.015570   0.016701   0.017212   0.017953   0.020447   0.031053   0.034419   0.038748   0.040344   0.040644
   3.727500   0.013168   0.014649   0.015182   0.016328   0.016824   0.017695   0.020174   0.031226   0.034638   0.038949   0.040572   0.040864
   3.729250   0.014359   0.014789   0.015935   0.016423   0.017423   0.019889   0.031399   0.034893   0.039173   0.040814
   3.731000   0.014042   0.014393   0.015525   0.016008   0.017132   0.019599   0.031569   0.035183   0.039418
   3.732750   0.013697   0.013998   0.015100   0.015581   0.016819   0.019309   0.031731   0.035507   0.039685
   3.734500   0.013323   0.013606   0.014664   0.015144   0.016482   0.019025   0.031884   0.035862   0.039972
   3.736250   0.013215   0.014216   0.014696   0.016121   0.018748   0.032027   0.036245   0.040278
   3.738000   0.013760   0.014239   0.015735   0.018480   0.032161   0.036654   0.040604
   3.739750   0.013294   0.013773   0.015327   0.018223   0.032285   0.037085   0.040947
   3.741500   0.013299   0.014898   0.017977   0.032401   0.037536
   3.743250   0.014450   0.017741   0.032510   0.038005
   3.745000   0.013985   0.017515   0.032612   0.038488
   3.746750   0.013505   0.017297   0.032708   0.038985
   3.748500   0.013013   0.017088   0.032799   0.039494
   3.750250   0.016885   0.032886   0.040012
   3.752000   0.016689   0.032968   0.040540
   3.753750   0.016500   0.033046
   3.755500   0.016316   0.033121
   3.757250   0.016137   0.033193
   3.759000   0.015964   0.033261
   3.760750   0.015795   0.033328
   3.762500   0.015631   0.033392
   3.764250   0.015471   0.033453
   3.766000   0.015315   0.033513
   3.767750   0.015164   0.033570
   3.769500   0.015016   0.033625
   3.771250   0.014872   0.033679
   3.773000   0.014732   0.033731
   3.774750   0.014596   0.033780
   3.776500   0.014464   0.033829
   3.778250   0.014335   0.033875
   3.780000   0.014209   0.033920
   3.781750   0.014088   0.033964
   3.783500   0.013969   0.034005
   3.785250   0.013854   0.034046
   3.787000   0.013743   0.034084
   3.788750   0.013635   0.034121
   3.790500   0.013530   0.034157
   3.792250   0.013428   0.034191
   3.794000   0.013330   0.034224
   3.795750   0.013235   0.034255
   3.797500   0.013144   0.034284
   3.799250   0.013055   0.034312
   3.801000   0.034339
   3.802750   0.034364
   3.804500   0.034387
   3.806250   0.034409
   3.808000   0.034430
   3.809750   0.034449
   3.811500   0.034466
   3.813250   0.034482
   3.815000   0.034497
   3.816750   0.034509
   3.818500   0.034521
   3.820250   0.034531
   3.822000   0.034539
   3.823750   0.034546
   3.825500   0.034551
   3.827250   0.034555
   3.829000   0.034557
   3.830750   0.034558
   3.832500   0.034557
   3.834250   0.034554
   3.836000   0.034550
   3.837750   0.034545
   3.839500   0.034538
   3.841250   0.034529
   3.843000   0.034519
   3.844750   0.034507
   3.846500   0.034494
   3.848250   0.034479
   3.850000   0.034462
